,hidden_layers,hidden_units,learning_rate,val_loss
0,1,16,0.001,2487.455322265625
1,1,16,0.01,89773.984375
2,1,16,0.1,1650.58251953125
3,1,32,0.001,91742.796875
4,1,32,0.01,89381.7421875
5,1,32,0.1,1514.2822265625
6,1,64,0.001,91027.640625
7,1,64,0.01,87996.9453125
8,1,64,0.1,1237.6558837890625
9,1,128,0.001,90512.5078125
10,1,128,0.01,87054.796875
11,1,128,0.1,1129.4144287109375
12,2,16,0.001,91347.125
13,2,16,0.01,89940.0703125
14,2,16,0.1,39308.06640625
15,2,32,0.001,90866.125
16,2,32,0.01,86823.859375
17,2,32,0.1,13864.013671875
18,2,64,0.001,90945.0
19,2,64,0.01,75748.890625
20,2,64,0.1,43819.78515625
21,2,128,0.001,90320.9609375
22,2,128,0.01,1094.3746337890625
23,2,128,0.1,800.2410278320312
