,FSR,LoadCell
0,648.0,2699.26538
1,689.0,3137.80859
2,676.0,3475.59179
3,698.0,3682.11206
4,709.0,4431.68603
5,786.0,6445.63378
6,808.0,8842.36914
7,824.0,11292.61035
8,833.0,13651.84277
9,841.0,15287.50292
10,847.0,16998.42187
11,851.0,18230.04296
12,852.0,18931.11132
13,853.0,18983.61718
14,852.0,18529.07226
15,849.0,17269.19726
16,843.0,15503.52441
17,835.0,13554.833
18,821.0,11070.33886
19,809.0,8830.86816
20,796.0,7767.51367
21,809.0,8174.05371
22,816.0,9732.95703
23,817.0,9742.458
24,811.0,8535.83984
25,816.0,9235.1582
26,829.0,11136.59472
27,839.0,12954.02343
28,848.0,15184.99316
29,855.0,17145.68554
30,856.0,19363.65429
31,859.0,20588.77539
32,862.0,21790.14257
33,864.0,22576.4707
34,866.0,23191.78125
35,868.0,24002.61132
36,868.0,24604.41992
37,868.0,24313.14062
38,868.0,23884.3496
39,868.0,23534.56445
40,865.0,22483.71093
41,861.0,21027.31835
42,859.0,18922.86132
43,855.0,17737.24414
44,847.0,16075.58105
45,843.0,14520.92773
46,834.0,13097.53808
47,827.0,11674.89843
48,813.0,9924.47558
49,792.0,7900.02685
50,781.0,6505.88964
51,754.0,5310.77246
52,749.0,4879.47998
53,772.0,5816.32177
54,803.0,7278.96582
55,817.0,9860.96972
56,836.0,12833.01171
57,848.0,15377.26171
58,854.0,17524.97265
59,859.0,19263.89453
60,863.0,21367.10156
61,867.0,23234.28515
62,868.0,24980.20703
63,874.0,27494.95312
64,876.0,30087.45898
65,878.0,31417.08984
66,879.0,32286.92578
67,879.0,32259.67187
68,879.0,32605.70703
69,877.0,32273.17382
70,877.0,31430.59179
71,875.0,30250.9746
72,874.0,29435.14453
73,874.0,29092.86132
74,874.0,28479.80078
75,872.0,27279.68359
76,870.0,26009.55859
77,869.0,24702.17968
78,863.0,22915.0039
79,868.0,22729.73437
80,874.0,26833.63867
81,878.0,29924.44335
82,882.0,32807.47656
83,885.0,34930.68359
84,887.0,37096.64843
85,890.0,38770.3125
86,891.0,40348.96875
87,892.0,40497.23046
88,891.0,39075.09375
89,883.0,35285.96875
90,877.0,31000.04882
91,868.0,25805.2871
92,869.0,23965.85742
93,877.0,27375.6914
94,883.0,31769.625
95,888.0,34833.92578
96,891.0,36478.33593
97,893.0,38384.02343
98,893.0,38412.27734
99,883.0,33908.33593
100,871.0,27367.9414
101,857.0,21973.91015
102,862.0,20707.7871
103,879.0,27856.49023
104,886.0,33222.76562
105,889.0,36178.80859
106,891.0,38332.01953
107,893.0,39590.64453
108,892.0,40361.71875
109,893.0,40620.74609
110,892.0,39720.65625
111,889.0,36301.32031
112,880.0,32746.7207
113,876.0,29702.16992
114,869.0,26295.58593
115,852.0,21639.3789
116,835.0,16044.32812
117,813.0,11403.62109
118,827.0,11260.85742
119,844.0,15002.97558
120,859.0,19791.19531
121,863.0,22285.6914
122,865.0,23528.31445
123,870.0,24550.41406
124,873.0,26402.0957
125,878.0,28718.32421
126,880.0,30440.24414
127,879.0,30428.49218
128,876.0,28527.55468
129,871.0,25329.74023
130,867.0,22800.24218
131,860.0,20447.76171
132,857.0,18940.36328
133,861.0,19585.92578
134,871.0,22959.75781
135,872.0,23757.08593
136,862.0,20602.27539
137,852.0,17137.43554
138,839.0,14512.67675
139,819.0,11237.60546
140,807.0,9238.4082
141,808.0,8659.60156
142,823.0,10644.54687
143,837.0,13243.55273
144,847.0,15461.7705
145,858.0,18067.02734
146,862.0,20878.30273
147,869.0,23497.31054
148,872.0,25927.54882
149,878.0,28580.06054
150,880.0,30855.53515
151,882.0,32245.17187
152,885.0,33346.27734
153,887.0,34432.88671
154,887.0,34933.93359
155,886.0,34117.85546
156,881.0,31315.33007
157,874.0,27519.95703
158,868.0,23113.27343
159,861.0,20012.46875
160,850.0,17131.68554
161,834.0,13446.82226
162,836.0,12677.49707
163,850.0,15143.48925
164,856.0,16948.16601
165,847.0,15517.02636
166,832.0,12436.22265
167,819.0,10238.75683
168,799.0,8669.10253
169,761.0,6575.89648
170,763.0,5643.05468
171,781.0,6274.61718
172,798.0,7425.73046
173,783.0,7025.19091
174,716.0,4527.44531
175,650.0,2927.03784
176,610.0,1929.68981
177,629.0,1992.94592
178,676.0,2911.78637
179,727.0,4153.90869
180,776.0,5830.07324
181,780.0,6616.40087
182,743.0,5470.53808
183,702.0,3975.89086
184,687.0,3379.58227
185,724.0,3809.87475
186,771.0,5625.30322
187,790.0,7036.44189
188,771.0,6582.64746
189,699.0,4178.91113
190,687.0,3303.57495
191,724.0,4012.89453
192,760.0,5271.76855
193,798.0,7528.74023
194,808.0,9591.19335
195,776.0,8014.53808
196,654.0,4112.90429
197,496.0,802.57891
198,502.0,-209.27058
199,506.0,-177.26742
200,596.0,1117.10986
201,699.0,3672.61108
202,757.0,5733.81396
203,786.0,7539.74121
204,729.0,5954.08544
205,609.0,2567.00244
206,575.0,1265.87451
207,633.0,2131.20947
208,698.0,3490.09326
209,773.0,6097.8496
210,796.0,7868.77392
211,802.0,8832.36816
212,806.0,9135.39843
213,808.0,9776.96191
214,809.0,10264.00976
215,809.0,10559.78808
216,809.0,10226.75585
217,779.0,7608.74804
218,770.0,6229.11279
219,712.0,5064.99804
220,699.0,3850.37866
221,702.0,3746.3684
222,745.0,4720.71435
223,703.0,4406.6831
224,729.0,4075.40087
225,774.0,5850.32519
226,803.0,8020.53857
227,805.0,8792.61425
228,770.0,7083.69677
229,785.0,6583.89746
230,810.0,9938.22753
231,828.0,12683.74707
232,839.0,15580.53222
233,845.0,17561.22656
234,852.0,19179.13671
235,854.0,19888.95507
236,854.0,19336.15234
237,840.0,16574.1289
238,818.0,12041.93457
239,836.0,12944.77343
240,818.0,12227.95214
241,825.0,11596.39062
242,841.0,14355.1621
243,852.0,17709.99218
244,857.0,20238.99023
245,859.0,21958.91015
246,864.0,24559.66601
247,866.0,26500.85546
248,870.0,27468.45117
249,872.0,28429.04492
250,873.0,28917.59375
251,873.0,29004.10156
252,874.0,28979.8496
253,874.0,29183.86914
254,874.0,30011.45117
255,874.0,30438.49414
256,873.0,30257.9746
257,874.0,30222.22265
258,874.0,29893.18945
259,874.0,29672.91796
260,874.0,29695.91992
261,875.0,29733.42382
262,874.0,29109.86328
263,874.0,28753.82812
264,870.0,26054.3125
265,867.0,23017.51367
266,867.0,23280.03906
267,868.0,23965.60742
268,868.0,24831.1914
269,868.0,24678.67773
270,868.0,24352.14453
271,867.0,23955.85546
272,858.0,20319.24804
273,868.0,22706.98242
274,872.0,25667.02343
275,873.0,27250.17968
276,873.0,27810.98437
277,872.0,26644.62109
278,866.0,23712.58203
279,854.0,19150.38281
280,823.0,13449.57226
281,803.0,9434.17773
282,790.0,7919.2788
283,760.0,6550.64404
284,682.0,4439.93652
285,660.0,3387.083
286,613.0,2425.73852
287,574.0,1325.38037
288,569.0,755.07427
289,586.0,996.59802
290,643.0,2223.2185
291,754.0,5202.51171
292,800.0,8476.33398
293,822.0,12010.93066
294,833.0,14858.96093
295,832.0,14855.71093
296,801.0,10539.28613
297,703.0,5431.53417
298,648.0,3168.81152
299,603.0,1660.91333
300,524.0,708.5697
301,523.0,190.01869
302,506.0,-155.51528
303,508.0,-287.02822
304,515.0,-329.03234
305,512.0,-198.76954
306,571.0,508.55001
307,646.0,2287.97509
308,766.0,5896.58007
309,803.0,8946.12988
310,806.0,9665.20019
311,778.0,8163.30273
312,628.0,3717.86572
313,601.0,1742.42138
314,660.0,2572.75292
315,748.0,4799.97216
316,784.0,7190.20703
317,794.0,8099.54638
318,674.0,4753.21728
319,628.0,2075.9541
320,705.0,3406.83496
321,769.0,5887.3291
322,709.0,5142.00585
323,768.0,5468.53759
324,736.0,5928.083
325,769.0,5447.78564
326,807.0,8835.11914
327,813.0,10966.32812
328,825.0,12218.45117
329,832.0,13801.85742
330,832.0,13996.87597
331,790.0,9410.42578
332,778.0,6597.39892
333,779.0,6428.88232
334,809.0,8236.80957
335,826.0,11397.37109
336,842.0,15239.49902
337,852.0,18162.53515
338,857.0,20179.23437
339,853.0,19318.90039
340,847.0,17151.6875
341,836.0,14610.18652
342,850.0,15816.30566
343,858.0,19520.16992
344,860.0,20790.79492
345,862.0,21469.11132
346,863.0,22459.70898
347,865.0,23266.0371
348,867.0,24435.15234
349,868.0,25038.71289
350,868.0,25844.54101
351,869.0,24949.70312
352,863.0,23030.26562
353,863.0,21173.08203
354,857.0,18947.11328
355,854.0,17895.50976
356,859.0,18264.79687
357,868.0,21657.6289
358,872.0,25512.25976
359,875.0,28340.5371
360,878.0,30018.70117
361,878.0,31106.80859
362,880.0,31808.6289
363,881.0,32525.44921
364,880.0,32134.91015
365,876.0,30295.47851
366,872.0,26865.39257
367,869.0,24417.90039
368,863.0,21967.66015
369,856.0,19110.8789
370,842.0,15982.32128
371,835.0,13201.79785
372,837.0,12884.7666
373,845.0,14810.20605
374,860.0,18377.05664
375,861.0,20499.51562
376,867.0,22974.00976
377,875.0,26866.64257
378,878.0,30630.76171
379,879.0,32382.68359
380,880.0,33633.80859
381,881.0,34287.62109
382,882.0,34793.92187
383,883.0,36019.29296
384,884.0,36314.32031
385,885.0,36744.86328
386,886.0,36603.09765
387,886.0,36547.09375
388,885.0,36268.0664
389,885.0,35697.01171
390,885.0,35706.76171
391,884.0,35403.23046
392,884.0,35223.21484
393,884.0,35431.73437
394,884.0,35452.48437
395,883.0,34612.65234
396,880.0,32247.42187
397,875.0,29223.12304
398,870.0,25413.25
399,874.0,25941.30078
400,881.0,30963.54492
401,884.0,34329.625
402,885.0,34916.93359
403,879.0,32362.68164
404,876.0,29221.62304
405,872.0,26053.8125
406,864.0,22896.75195
407,854.0,18809.5996
408,846.0,16681.89062
409,860.0,17804.5
410,869.0,22382.95117
411,871.0,26376.09375
412,874.0,28672.07031
413,877.0,30624.01171
414,880.0,32957.49218
415,882.0,33983.59375
416,878.0,32220.41796
417,874.0,28926.34375
418,874.0,28071.50976
419,871.0,25968.05273
420,864.0,22563.71875
421,860.0,20019.71875
422,861.0,19431.66015
423,861.0,19604.67773
424,860.0,19428.91015
425,860.0,19408.9082
426,864.0,20756.79101
427,870.0,23872.09765
428,875.0,27640.71875
429,878.0,30981.54687
430,883.0,33996.84375
431,884.0,35839.77343
432,886.0,37054.39453
433,888.0,37710.95703
434,888.0,39107.59765
435,889.0,40227.70703
436,890.0,41722.35156
437,891.0,42680.19531
438,891.0,42063.13671
439,890.0,39223.85546
440,884.0,36694.60937
441,878.0,32745.9707
442,872.0,27954.49804
443,863.0,23390.30078
444,854.0,18903.35937
445,843.0,15887.8125
446,829.0,13339.81152
447,837.0,13444.07226
448,850.0,16057.8291
449,863.0,19748.4414
450,870.0,24143.125
451,875.0,27419.69726
452,876.0,29255.12695
453,878.0,31067.30468
454,880.0,32051.90234
455,880.0,31043.80273
456,879.0,29875.4375
457,878.0,29665.16796
458,873.0,26537.10937
459,867.0,22907.50195
460,864.0,22223.68554
461,862.0,19944.71093
462,853.0,17710.24218
463,843.0,15786.55273
464,842.0,14802.70605
465,850.0,16125.58593
466,862.0,19884.70507
467,870.0,24051.11523
468,873.0,27878.74218
469,879.0,31036.30273
470,881.0,33308.27734
471,883.0,35372.22656
472,885.0,35952.53515
473,883.0,34943.6875
474,875.0,30278.72851
475,855.0,21076.82226
476,771.0,10800.3125
477,723.0,4785.2207
478,734.0,4910.48291
479,770.0,4872.229
480,662.0,4418.43457
481,691.0,3153.06005
482,691.0,3357.08007
483,776.0,5009.99267
484,731.0,5875.82763
