,FSR,LoadCell
0,10.0,1.96574
1,10.0,3.2097
2,7.0,3.59727
3,11.0,4.72519
4,9.0,6.65147
5,10.0,8.35496
6,13.0,10.49475
7,8.0,12.58581
8,10.0,14.7024
9,9.0,17.32493
10,7.0,19.6179
11,10.0,22.10118
12,6.0,24.49859
13,10.0,27.0306
14,7.0,29.2145
15,11.0,31.64904
16,9.0,34.28549
17,26.0,36.9289
18,74.0,39.88795
19,73.0,42.30625
20,111.0,44.71758
21,160.0,47.02912
22,154.0,49.15499
23,193.0,51.32496
24,193.0,53.89643
25,208.0,56.31472
26,218.0,58.97903
27,242.0,61.35091
28,269.0,63.61139
29,288.0,65.83473
30,301.0,68.23911
31,321.0,70.74327
32,335.0,73.1871
33,332.0,75.51256
34,341.0,77.82874
35,364.0,80.25632
36,380.0,82.99024
37,395.0,85.4712
38,400.0,87.60636
39,404.0,89.93647
40,401.0,92.42903
41,407.0,94.93319
42,425.0,97.32131
43,443.0,99.72337
44,468.0,102.16023
45,487.0,104.66671
46,511.0,107.27532
47,511.0,109.72379
48,525.0,112.16529
49,532.0,114.69731
50,539.0,117.29895
51,546.0,119.82632
52,552.0,122.39083
53,567.0,124.67684
54,570.0,126.92572
55,579.0,129.49021
56,585.0,132.08721
57,582.0,135.75643
58,587.0,142.19207
59,591.0,138.13294
60,605.0,139.18661
61,612.0,142.34524
62,618.0,145.18128
63,630.0,147.93843
64,629.0,150.48204
65,637.0,153.00477
66,646.0,155.46948
67,652.0,158.1454
68,653.0,160.79113
69,658.0,163.33706
70,662.0,165.6927
71,666.0,168.1226
72,672.0,170.71728
73,673.0,173.31196
74,674.0,175.86486
75,679.0,178.5222
76,680.0,181.10992
77,686.0,183.58856
78,696.0,186.05326
79,698.0,188.62474
80,701.0,191.15675
81,701.0,193.69573
82,708.0,196.3786
83,714.0,198.94775
84,716.0,201.45887
85,719.0,204.14407
86,719.0,206.54844
87,722.0,208.82516
88,725.0,211.28523
89,727.0,214.08183
90,728.0,216.73684
91,724.0,219.42668
92,728.0,222.03991
93,723.0,225.82054
94,727.0,232.55323
95,728.0,228.78654
96,726.0,229.65686
97,726.0,232.93153
98,727.0,235.73973
99,731.0,238.4342
100,732.0,241.16116
101,734.0,243.90902
102,733.0,246.60581
103,739.0,249.27244
104,743.0,251.50506
105,745.0,253.98602
106,743.0,256.70602
107,745.0,259.34713
108,746.0,261.84664
109,745.0,264.33456
110,746.0,267.12188
111,749.0,269.74209
112,748.0,272.23233
113,750.0,274.79916
114,752.0,277.5679
115,751.0,280.07205
116,754.0,282.55996
117,759.0,285.29623
118,759.0,288.00695
119,759.0,290.5436
120,763.0,293.2868
121,766.0,295.72366
122,765.0,298.08627
123,768.0,300.77377
124,766.0,303.52163
125,769.0,306.05828
126,771.0,308.69241
127,772.0,311.46813
128,773.0,314.06976
129,769.0,317.52313
130,774.0,323.10238
131,774.0,320.88833
132,774.0,321.89556
133,776.0,324.95208
134,778.0,327.67904
135,780.0,330.35961
136,781.0,333.04016
137,781.0,335.58609
138,784.0,338.36178
139,787.0,340.84509
140,788.0,343.13806
141,791.0,345.69094
142,791.0,348.43649
143,793.0,351.12631
144,793.0,353.78134
145,793.0,356.31103
146,794.0,358.96838
147,795.0,361.74407
148,796.0,364.48495
149,795.0,367.0216
150,800.0,369.63253
151,796.0,372.45932
152,800.0,375.17233
153,800.0,377.63473
154,801.0,380.4638
155,798.0,383.26968
156,800.0,386.09179
157,800.0,388.80947
158,801.0,390.9841
159,803.0,393.68786
160,803.0,396.62368
161,803.0,399.45046
162,805.0,402.30969
163,806.0,405.00418
164,808.0,407.74505
165,809.0,410.61129
166,808.0,413.39627
167,808.0,416.12322
168,810.0,418.85949
169,810.0,421.58877
170,811.0,424.35055
171,812.0,426.97772
172,814.0,429.65826
173,814.0,432.39218
174,817.0,435.2236
175,816.0,438.11532
176,814.0,440.73785
177,819.0,443.03549
178,818.0,445.66033
179,820.0,448.44763
180,816.0,451.37417
181,822.0,454.31002
182,821.0,457.0393
183,818.0,459.59918
184,822.0,462.34936
185,822.0,465.12506
186,822.0,467.97036
187,824.0,470.82266
188,826.0,473.44519
189,824.0,476.24179
190,825.0,479.13586
191,827.0,481.8605
192,831.0,484.54568
193,832.0,487.43045
194,829.0,490.14813
195,832.0,492.88671
196,830.0,495.25161
197,832.0,497.40536
198,830.0,500.13696
199,831.0,503.0194
200,833.0,505.74172
201,831.0,508.49191
202,831.0,511.30938
203,835.0,514.09667
204,831.0,516.91418
205,831.0,519.75024
206,834.0,522.55609
207,839.0,525.43621
208,841.0,529.31433
209,841.0,527.06079
210,841.0,522.84155
211,841.0,518.86596
212,841.0,514.41467
213,839.0,509.8171
214,839.0,505.16384
215,839.0,500.46188
216,839.0,495.62527
217,839.0,490.93954
218,838.0,486.37911
219,837.0,481.58432
220,836.0,476.87304
221,836.0,472.1293
222,835.0,467.32983
223,834.0,462.58374
224,833.0,457.74484
225,832.0,452.90359
226,830.0,447.98577
227,830.0,443.05172
228,828.0,438.21978
229,828.0,433.29266
230,827.0,428.46304
231,824.0,423.83532
232,825.0,419.11941
233,825.0,414.57061
234,825.0,410.07284
235,824.0,405.64938
236,823.0,401.11914
237,821.0,396.81167
238,818.0,392.488
239,817.0,387.99255
240,815.0,383.68975
241,815.0,379.44265
242,815.0,375.03775
243,814.0,370.83938
244,811.0,366.87307
245,810.0,362.78613
246,808.0,358.73397
247,808.0,354.84194
248,806.0,350.92904
249,804.0,346.94653
250,803.0,342.8897
251,800.0,338.93038
252,801.0,335.10336
253,799.0,331.28329
254,799.0,327.45162
255,798.0,323.74063
256,796.0,320.1596
257,793.0,316.52288
258,792.0,313.07412
259,791.0,309.46759
260,788.0,305.95385
261,788.0,302.44708
262,787.0,298.88464
263,785.0,295.48229
264,781.0,292.04748
265,778.0,288.50592
266,776.0,285.08966
267,776.0,281.52258
268,776.0,278.07382
269,772.0,274.71792
270,773.0,271.2181
271,772.0,267.84597
272,771.0,264.63394
273,764.0,261.23858
274,762.0,257.76663
275,759.0,254.47108
276,757.0,251.18943
277,756.0,247.91708
278,751.0,244.74916
279,751.0,241.5325
280,749.0,238.23461
281,744.0,235.0458
282,738.0,231.91502
283,736.0,228.74012
284,736.0,225.5606
285,737.0,222.42982
286,733.0,219.48701
287,722.0,217.03855
288,727.0,214.47636
289,726.0,209.5655
290,727.0,206.12141
291,723.0,202.99526
292,724.0,199.88999
293,721.0,196.79867
294,721.0,193.83033
295,723.0,191.05696
296,718.0,188.01435
297,716.0,184.97177
298,714.0,182.17517
299,711.0,179.33448
300,705.0,176.56806
301,705.0,173.95947
302,708.0,171.40657
303,705.0,168.45912
304,699.0,165.70431
305,694.0,163.00286
306,692.0,160.32464
307,691.0,157.47235
308,685.0,154.79876
309,679.0,152.12286
310,667.0,149.43534
311,659.0,146.76176
312,653.0,144.16708
313,644.0,141.51902
314,645.0,138.98469
315,646.0,136.48748
316,633.0,134.10865
317,617.0,131.73213
318,616.0,129.00283
319,610.0,126.44298
320,610.0,124.01308
321,612.0,121.49035
322,605.0,119.02796
323,593.0,117.06687
324,574.0,115.90181
325,564.0,110.32024
326,559.0,107.23123
327,551.0,104.73867
328,546.0,102.08596
329,536.0,99.53306
330,526.0,97.13797
331,510.0,94.93783
332,494.0,92.74465
333,473.0,90.24977
334,457.0,87.76186
335,424.0,85.51066
336,418.0,83.13878
337,403.0,80.77386
338,405.0,78.58533
339,407.0,76.28771
340,391.0,73.90888
341,366.0,71.65535
342,357.0,69.47611
343,347.0,67.19938
344,316.0,64.95514
345,312.0,62.83623
346,311.0,60.62217
347,306.0,58.55896
348,268.0,56.60251
349,261.0,54.26312
350,253.0,52.04441
351,222.0,49.83035
352,222.0,47.70912
353,211.0,45.66215
354,172.0,43.61055
355,134.0,41.57519
356,136.0,39.44003
357,128.0,37.36522
358,103.0,35.45054
359,129.0,33.94897
360,105.0,33.12508
361,36.0,28.46719
362,3.0,26.08835
363,4.0,24.1992
364,4.0,22.42609
365,2.0,20.40002
366,2.0,18.55032
367,5.0,16.73312
368,5.0,14.92056
369,4.0,13.17066
370,5.0,11.46254
371,5.0,9.70335
372,3.0,7.99755
373,5.0,6.5099
374,4.0,5.33325
375,5.0,4.20533
376,4.0,2.91495
377,3.0,2.00751
378,4.0,1.52942
379,7.0,1.26717
380,7.0,1.15345
381,5.0,1.06526
382,5.0,1.03044
383,6.0,1.11632
384,4.0,0.96314
385,4.0,0.90048
386,4.0,0.88191
387,6.0,0.80765
388,7.0,0.87727
389,5.0,1.04901
