,FSR,LoadCell
0,0.0,4.03359
1,6.0,5.51775
2,4.0,9.30301
3,7.0,14.16281
4,7.0,19.24541
5,4.0,24.71442
6,4.0,30.38071
7,6.0,36.06208
8,28.0,41.75621
9,15.0,45.89888
10,111.0,51.04878
11,187.0,56.85083
12,249.0,62.45562
13,303.0,67.99078
14,370.0,73.40293
15,411.0,78.99379
16,407.0,84.34329
17,415.0,89.43285
18,432.0,94.22766
19,452.0,99.35436
20,471.0,104.42651
21,498.0,109.44877
22,510.0,114.46987
23,534.0,119.06045
24,542.0,122.54052
25,545.0,127.36667
26,559.0,132.50263
27,570.0,137.51445
28,578.0,142.39862
29,590.0,147.27815
30,594.0,152.28532
31,607.0,157.18225
32,615.0,162.20567
33,626.0,167.0411
34,641.0,171.92294
35,649.0,176.84541
36,649.0,181.5207
37,654.0,186.33293
38,655.0,191.12426
39,658.0,195.93183
40,653.0,200.84269
41,664.0,205.79881
42,669.0,210.39404
43,668.0,215.3896
44,672.0,220.33412
45,678.0,225.36914
46,679.0,230.21501
47,682.0,235.28601
48,694.0,240.35351
49,705.0,245.28294
50,706.0,250.19032
51,713.0,254.81803
52,719.0,259.67666
53,722.0,264.68966
54,735.0,269.57846
55,737.0,274.60302
56,739.0,279.64154
57,742.0,284.74386
58,744.0,289.78469
59,745.0,294.91485
60,749.0,299.70852
61,748.0,304.47433
62,755.0,309.56506
63,754.0,314.53857
64,760.0,319.46218
65,764.0,324.3626
66,769.0,329.18295
67,773.0,334.00561
68,778.0,338.95593
69,784.0,344.08612
70,785.0,348.58502
71,789.0,353.57244
72,793.0,358.55758
73,794.0,363.40579
74,796.0,368.63922
75,800.0,373.57214
76,800.0,378.88101
77,797.0,383.89978
78,799.0,389.17965
79,802.0,394.97824
80,809.0,400.0794
81,811.0,405.18173
82,810.0,410.74124
83,812.0,416.11279
84,812.0,421.32186
85,815.0,426.51586
86,818.0,431.84912
87,819.0,436.97811
88,820.0,442.31253
89,822.0,447.50537
90,824.0,452.5578
91,827.0,457.27603
92,829.0,462.43057
93,832.0,467.34143
94,830.0,472.57952
95,832.0,477.49386
96,831.0,482.57299
97,836.0,487.61032
98,834.0,492.47128
99,840.0,497.23941
100,836.0,502.22338
101,840.0,506.9822
102,840.0,511.82113
103,843.0,516.88403
104,843.0,521.9353
105,845.0,526.95288
106,844.0,531.85333
107,844.0,536.90106
108,846.0,541.682
109,848.0,546.54992
110,848.0,551.19152
111,848.0,556.30664
112,851.0,555.5802
113,853.0,547.71844
114,851.0,538.651
115,851.0,529.45239
116,849.0,520.33508
117,848.0,511.17013
118,846.0,501.94952
119,846.0,493.05032
120,847.0,484.24862
121,844.0,475.53509
122,841.0,466.7705
123,841.0,458.02566
124,836.0,449.33651
125,833.0,440.56149
126,832.0,432.02783
127,830.0,423.69723
128,829.0,415.3771
129,827.0,406.90493
130,825.0,398.59292
131,823.0,390.4793
132,820.0,382.48526
133,819.0,374.83581
134,816.0,367.31173
135,813.0,359.74584
136,810.0,352.2879
137,808.0,344.75451
138,806.0,337.34411
139,802.0,330.08923
140,797.0,323.34378
141,794.0,316.42074
142,795.0,309.71823
143,788.0,302.90429
144,782.0,295.97433
145,779.0,289.13485
146,773.0,282.58551
147,761.0,276.13595
148,756.0,269.79315
149,750.0,263.27047
150,747.0,256.53198
151,744.0,249.68206
152,740.0,243.16868
153,741.0,236.9953
154,736.0,230.86019
155,726.0,224.9421
156,720.0,218.99732
157,705.0,213.19526
158,703.0,207.36769
159,697.0,201.62133
160,685.0,195.93067
161,679.0,190.27368
162,671.0,184.48091
163,665.0,179.15347
164,656.0,173.49066
165,645.0,168.15858
166,649.0,162.88218
167,638.0,157.5269
168,635.0,152.25747
169,631.0,146.966
170,624.0,141.81726
171,620.0,136.87274
172,608.0,131.73445
173,594.0,126.76673
174,577.0,121.77349
175,570.0,116.79185
176,554.0,111.85662
177,537.0,106.77751
178,513.0,101.86432
179,508.0,97.02309
180,504.0,92.34432
181,468.0,87.51701
182,448.0,82.77325
183,397.0,78.10724
184,399.0,73.45515
185,399.0,68.91563
186,386.0,64.33548
187,368.0,59.79248
188,314.0,55.57902
189,281.0,51.04414
190,183.0,46.61021
191,109.0,42.21342
192,79.0,37.97676
193,3.0,33.82017
194,5.0,29.58931
195,3.0,25.51395
196,4.0,21.77278
197,3.0,17.81462
198,3.0,14.17906
199,1.0,11.58902
200,4.0,9.56526
