,FSR,LoadCell
0,0.0,2.68983
1,0.0,2.58539
2,0.0,2.23959
3,0.0,2.35331
4,0.0,2.49952
5,0.0,2.41597
6,0.0,2.44615
7,0.0,2.33707
8,0.0,2.48328
9,0.0,2.38116
10,0.0,2.51577
11,0.0,2.35795
12,0.0,2.20014
13,0.0,2.20246
14,0.0,2.46471
15,0.0,3.79454
16,0.0,9.61516
17,0.0,14.88807
18,29.0,21.23087
19,0.0,21.73913
20,0.0,21.56043
21,0.0,26.30187
22,28.0,36.49955
23,69.0,47.56523
24,124.0,59.05561
25,175.0,67.11583
26,85.0,65.8533
27,126.0,59.80756
28,64.0,56.0339
29,78.0,52.43663
30,169.0,57.21752
31,207.0,62.51132
32,169.0,59.77739
33,208.0,55.58831
34,199.0,55.37479
35,219.0,57.02257
36,308.0,64.16606
37,380.0,77.2555
38,431.0,87.74793
39,458.0,93.18794
40,436.0,94.30193
41,282.0,87.70384
42,103.0,68.8518
43,22.0,44.41587
44,35.0,31.40071
45,155.0,37.28399
46,298.0,56.98544
47,422.0,77.5456
48,464.0,92.05305
49,485.0,100.27804
50,453.0,100.83968
51,222.0,87.5112
52,31.0,62.95227
53,30.0,40.50529
54,75.0,37.8758
55,272.0,51.22748
56,459.0,74.02491
57,563.0,104.36965
58,590.0,131.45594
59,588.0,141.08039
60,531.0,134.07383
61,467.0,115.14987
62,263.0,90.97851
63,254.0,70.82914
64,347.0,66.0761
65,504.0,80.45591
66,576.0,106.36788
67,607.0,131.51629
68,612.0,145.40176
69,584.0,143.27125
70,545.0,128.81253
71,522.0,115.74632
72,524.0,109.77948
73,547.0,111.29034
74,577.0,120.36243
75,616.0,134.40339
76,648.0,151.31521
77,678.0,169.66131
78,697.0,185.91633
79,700.0,195.53614
80,693.0,194.41055
81,668.0,183.45162
82,643.0,166.98773
83,615.0,150.65611
84,602.0,138.63192
85,614.0,133.15711
86,649.0,138.78279
87,684.0,155.07958
88,705.0,174.89707
89,715.0,195.73341
90,727.0,216.41889
91,735.0,234.32635
92,736.0,242.59078
93,723.0,237.04867
94,699.0,215.32579
95,677.0,187.03033
96,656.0,165.32601
97,666.0,153.39932
98,689.0,156.39781
99,709.0,171.93107
100,722.0,190.20985
101,730.0,208.32154
102,735.0,224.58354
103,743.0,240.07502
104,750.0,254.33879
105,748.0,260.7489
106,741.0,253.43367
107,727.0,231.89645
108,697.0,205.25573
109,690.0,183.27525
110,703.0,175.67224
111,727.0,184.19892
112,738.0,202.47772
113,746.0,222.73152
114,753.0,242.60935
115,758.0,260.91366
116,767.0,278.28967
117,771.0,292.6625
118,771.0,299.72476
119,768.0,294.1014
120,753.0,274.65527
121,734.0,248.19093
122,715.0,217.63035
123,696.0,187.74978
124,701.0,172.3581
125,722.0,175.67224
126,742.0,196.18365
127,757.0,225.14982
128,770.0,254.07421
129,773.0,281.17675
130,782.0,303.56805
131,786.0,319.67456
132,787.0,327.92276
133,780.0,323.77313
134,770.0,304.94198
135,758.0,281.32995
136,742.0,255.97497
137,737.0,228.92115
138,736.0,209.87185
139,751.0,212.00701
140,768.0,235.43338
141,776.0,263.48049
142,787.0,289.13253
143,790.0,315.66882
144,792.0,339.03717
145,793.0,351.2145
146,791.0,349.07702
147,785.0,329.44985
148,771.0,302.16625
149,750.0,267.57675
150,735.0,231.45085
151,733.0,208.06161
152,753.0,209.44482
153,774.0,238.346
154,785.0,274.06576
155,792.0,304.97677
156,798.0,339.52917
157,801.0,368.08688
158,802.0,383.23953
159,797.0,379.83023
160,791.0,351.57424
161,778.0,312.78402
162,751.0,273.88705
163,733.0,235.96252
164,736.0,213.99595
165,754.0,216.46995
166,779.0,244.16198
167,795.0,284.32843
168,797.0,321.87005
169,802.0,354.71429
170,806.0,382.9494
171,806.0,411.46768
172,808.0,429.17321
173,806.0,425.72213
174,802.0,402.65319
175,792.0,364.26449
176,776.0,322.49667
177,772.0,285.17089
178,771.0,264.91012
179,781.0,261.69812
180,795.0,286.13171
181,800.0,325.58337
182,807.0,358.14447
183,809.0,392.59011
184,812.0,428.75314
185,813.0,461.3189
186,813.0,489.18731
187,815.0,506.72808
188,814.0,503.9988
189,810.0,480.33572
190,804.0,440.3294
191,793.0,391.5527
192,790.0,344.98773
193,794.0,322.57556
194,806.0,334.67864
195,811.0,372.47555
196,815.0,415.06262
197,817.0,450.10238
198,817.0,480.61886
199,818.0,503.57409
200,818.0,506.01559
201,817.0,485.97994
202,813.0,459.43438
203,809.0,431.42904
204,805.0,398.68457
205,794.0,361.59786
206,781.0,323.13488
207,758.0,282.55068
208,725.0,239.84062
209,699.0,199.6672
210,644.0,164.90362
211,607.0,138.47412
212,524.0,115.93198
213,523.0,101.70071
214,593.0,105.75982
215,643.0,124.61418
216,692.0,147.62744
217,717.0,172.78514
218,738.0,198.45341
219,758.0,224.04278
220,771.0,250.09632
221,787.0,277.83477
222,794.0,306.01651
223,801.0,335.48165
224,806.0,365.71963
225,809.0,394.42123
226,812.0,420.1336
227,813.0,441.92147
228,814.0,457.31317
229,814.0,463.8045
230,813.0,457.96301
231,809.0,439.02975
232,807.0,409.97073
233,800.0,375.04006
234,791.0,336.84863
235,773.0,296.92355
236,751.0,258.29577
237,722.0,223.17944
238,700.0,192.67457
239,645.0,165.42117
240,627.0,140.24026
241,617.0,125.22455
242,642.0,124.51438
243,663.0,136.67315
244,699.0,154.23016
245,726.0,175.0781
246,743.0,199.54188
247,762.0,225.53276
248,777.0,253.5265
249,793.0,283.38851
250,798.0,311.92532
251,803.0,337.39401
252,805.0,356.61505
253,807.0,366.72454
254,806.0,366.97753
255,801.0,357.33682
256,798.0,339.53613
257,788.0,315.39495
258,771.0,284.38879
259,734.0,246.43174
260,703.0,204.93778
261,643.0,165.0684
262,495.0,128.50386
263,340.0,94.53401
264,175.0,66.89071
265,88.0,48.71171
266,182.0,43.54092
267,307.0,50.85383
268,442.0,65.82545
269,550.0,86.21619
270,633.0,111.89376
271,690.0,141.06646
272,719.0,171.04684
273,732.0,198.87812
274,750.0,222.9961
275,759.0,242.41673
276,765.0,254.09742
277,764.0,256.75476
278,755.0,250.27735
279,738.0,234.09194
280,715.0,209.94612
281,692.0,182.37013
282,641.0,155.33256
283,566.0,130.61349
284,500.0,108.5657
285,360.0,88.49291
286,263.0,69.77781
287,109.0,53.88018
288,109.0,45.02161
289,250.0,46.47908
290,314.0,55.82503
291,389.0,67.14368
292,501.0,79.82233
293,551.0,94.845
294,591.0,109.95123
295,628.0,123.67192
296,644.0,134.78169
297,647.0,141.07344
298,638.0,140.52572
299,602.0,132.50495
300,530.0,118.1971
301,457.0,100.00186
302,311.0,81.5583
303,183.0,64.2264
304,62.0,49.80946
305,64.0,40.71649
306,63.0,37.57409
307,96.0,40.25696
308,248.0,48.50052
309,310.0,60.39009
310,424.0,72.89467
311,456.0,82.27543
312,394.0,83.6865
313,289.0,74.6028
314,125.0,59.14612
315,52.0,43.77765
316,17.0,32.79088
317,47.0,28.74569
318,81.0,34.13928
319,291.0,50.0926
320,564.0,79.87339
321,669.0,122.7552
322,720.0,170.35755
323,749.0,221.06285
324,771.0,275.67874
325,783.0,324.13052
326,788.0,355.35485
327,785.0,362.23144
328,767.0,338.32931
329,718.0,283.49063
330,631.0,209.15704
331,452.0,136.4898
332,274.0,83.25018
333,343.0,60.99582
334,548.0,73.88102
335,662.0,111.52474
336,726.0,160.54512
337,757.0,215.56483
338,783.0,275.94564
339,799.0,337.2246
340,803.0,386.08715
341,804.0,410.64376
342,803.0,409.17004
343,799.0,386.55596
344,787.0,353.41
345,763.0,311.07357
346,724.0,258.29812
347,670.0,201.1154
348,598.0,150.15481
349,558.0,115.81594
350,617.0,106.73225
351,683.0,124.99711
352,731.0,163.3301
353,768.0,213.20223
354,789.0,269.92541
355,804.0,326.96658
356,807.0,378.76498
357,809.0,424.07669
358,813.0,464.62606
359,815.0,501.36236
360,816.0,526.86584
361,817.0,540.64459
362,818.0,543.87286
363,815.0,528.04949
364,811.0,493.18377
365,806.0,444.75985
366,795.0,389.07406
367,767.0,325.93844
368,718.0,256.64569
369,645.0,188.80343
370,606.0,136.08598
371,648.0,118.32939
372,704.0,135.61022
373,738.0,173.38623
374,774.0,220.1647
375,795.0,271.36898
376,806.0,321.47085
377,809.0,358.18161
378,807.0,370.16864
379,799.0,356.00466
380,789.0,324.52737
381,762.0,282.89416
382,717.0,232.51843
383,646.0,177.78417
384,483.0,125.94632
385,306.0,84.77032
386,295.0,61.8847
387,409.0,62.61343
388,563.0,82.27079
389,653.0,111.15573
390,702.0,141.92517
391,727.0,171.69203
392,734.0,196.74761
393,735.0,208.46543
394,720.0,201.40086
395,687.0,179.50856
396,639.0,152.28532
397,553.0,125.91152
398,476.0,102.3575
399,312.0,80.95953
400,233.0,62.93835
401,154.0,50.96059
402,248.0,48.53301
403,305.0,56.68606
404,457.0,70.67365
405,540.0,86.04212
406,558.0,99.60501
407,576.0,109.29211
408,572.0,114.0057
409,526.0,109.03682
410,372.0,93.2181
411,217.0,72.46068
412,35.0,50.44305
413,0.0,31.29859
414,0.0,23.2732
415,76.0,28.67839
416,179.0,42.03471
417,331.0,57.26626
418,461.0,72.76007
419,546.0,89.74848
420,581.0,107.78126
421,638.0,125.38933
422,676.0,142.8094
423,710.0,162.82417
424,726.0,184.12466
425,734.0,201.6399
426,738.0,214.25357
427,736.0,220.64047
428,721.0,211.85151
429,675.0,185.98828
430,609.0,152.28996
431,521.0,121.33718
432,434.0,97.32596
433,471.0,85.51298
434,549.0,90.25442
435,598.0,106.53034
436,648.0,126.09022
437,692.0,145.95643
438,716.0,166.51892
439,732.0,187.87976
440,746.0,209.87185
441,762.0,234.27064
442,771.0,259.53509
443,778.0,280.71261
444,784.0,293.41909
445,784.0,297.58264
446,783.0,295.97665
447,781.0,291.97787
448,774.0,285.20339
449,762.0,268.13143
450,742.0,241.38629
451,722.0,213.65016
452,708.0,190.1379
453,707.0,173.04739
454,725.0,171.03291
455,747.0,190.32357
456,774.0,225.69985
457,783.0,264.4158
458,792.0,297.17187
459,797.0,321.07864
460,802.0,341.60165
461,806.0,360.14038
462,807.0,372.42449
463,807.0,376.44183
464,806.0,373.27856
465,800.0,361.81369
466,789.0,335.8785
467,765.0,295.50552
468,741.0,245.85154
469,738.0,212.33656
470,753.0,208.361
471,776.0,231.79898
472,793.0,272.07217
473,802.0,314.22988
474,809.0,352.30761
475,810.0,384.85479
476,811.0,414.58917
477,814.0,443.50659
478,815.0,463.94839
479,815.0,468.15603
480,813.0,460.04244
481,809.0,440.2087
482,805.0,405.12719
483,795.0,361.77655
484,780.0,315.70593
485,766.0,271.69387
486,759.0,239.65959
487,767.0,229.93302
488,784.0,245.17387
489,795.0,276.46084
490,803.0,306.64776
491,806.0,328.74432
492,806.0,338.7749
493,804.0,337.33367
494,797.0,325.01708
495,781.0,298.88928
496,759.0,263.15557
497,731.0,225.66271
498,717.0,194.48481
499,723.0,179.7824
500,737.0,182.67414
501,745.0,196.736
502,759.0,214.28837
503,768.0,232.48594
504,778.0,249.20281
505,782.0,261.84201
506,783.0,268.51205
507,780.0,268.26837
508,777.0,261.21075
509,767.0,247.71284
510,751.0,229.59651
511,736.0,211.15991
512,711.0,189.25833
513,688.0,164.55317
514,672.0,148.1148
515,699.0,144.50593
516,721.0,155.98703
517,739.0,178.25994
518,753.0,204.22529
519,764.0,221.60592
520,764.0,230.90545
521,759.0,230.29508
522,742.0,219.15979
523,721.0,194.1831
524,676.0,167.05038
525,632.0,140.42591
526,557.0,116.55628
527,480.0,99.82781
528,526.0,91.78152
529,576.0,96.51599
530,632.0,109.15287
531,682.0,127.78209
532,707.0,154.40423
533,727.0,175.78596
534,726.0,188.88699
535,692.0,182.16125
536,639.0,153.67549
537,567.0,123.09635
538,499.0,100.02275
539,355.0,81.56062
540,333.0,67.48716
541,335.0,59.64046
542,403.0,64.26586
543,528.0,80.72744
544,580.0,100.07613
545,659.0,121.63424
546,696.0,145.41569
547,715.0,165.2796
548,726.0,181.28166
549,724.0,190.43962
550,708.0,184.55865
551,660.0,165.67413
552,592.0,137.80107
553,495.0,108.44966
554,323.0,84.65892
555,267.0,66.08538
556,303.0,55.82039
557,323.0,55.20769
558,320.0,58.70517
559,359.0,64.82518
560,438.0,73.17086
561,539.0,84.5011
562,569.0,99.61893
563,609.0,114.8412
564,640.0,127.88653
565,654.0,137.97978
566,662.0,145.42729
567,649.0,145.11862
568,566.0,133.84872
569,503.0,112.30918
570,370.0,87.87789
571,304.0,69.7546
572,93.0,54.74353
573,0.0,38.89464
574,0.0,28.24904
575,80.0,32.6818
576,322.0,49.05752
577,408.0,68.10914
578,528.0,87.09114
579,582.0,105.95245
580,612.0,121.36502
581,608.0,128.2741
582,560.0,122.23533
583,427.0,103.94262
584,292.0,81.057
585,238.0,61.83132
586,310.0,54.79691
587,419.0,63.53712
588,558.0,82.53305
589,582.0,102.35518
590,583.0,114.87136
591,542.0,113.14468
592,332.0,94.73592
593,234.0,69.75924
594,81.0,52.26721
595,100.0,43.87744
596,91.0,39.44235
597,108.0,39.09191
598,267.0,48.17329
599,459.0,67.98149
600,574.0,93.6521
601,625.0,118.68215
602,630.0,136.0651
603,568.0,135.37582
604,425.0,112.39505
605,307.0,82.88117
606,302.0,64.32156
607,388.0,64.12429
608,575.0,83.40335
609,651.0,114.7971
610,699.0,147.75508
611,705.0,173.01489
612,677.0,174.97831
613,617.0,152.82142
614,577.0,126.11342
615,610.0,114.09854
616,671.0,125.0969
617,694.0,146.56449
618,718.0,166.65817
619,739.0,194.42446
620,742.0,220.11596
621,721.0,215.9965
622,653.0,176.1921
623,581.0,127.77745
624,634.0,111.06522
625,702.0,130.92448
626,732.0,168.93489
627,760.0,211.61479
628,777.0,255.28105
629,782.0,290.13513
630,756.0,292.44436
631,712.0,247.59448
632,656.0,189.42077
633,632.0,147.22361
634,648.0,128.97962
635,692.0,132.67669
636,730.0,159.67481
637,758.0,199.36549
638,775.0,243.65373
639,786.0,285.00613
640,791.0,313.6961
641,787.0,321.84219
642,755.0,295.46142
643,721.0,234.95297
644,690.0,178.74964
645,677.0,146.24655
646,702.0,143.26429
647,734.0,167.22444
648,768.0,208.50953
649,785.0,253.7284
650,798.0,300.99658
651,804.0,348.5386
652,806.0,383.41821
653,806.0,395.16854
654,789.0,375.18164
655,765.0,317.90841
656,728.0,252.25933
657,722.0,208.89479
658,745.0,197.51812
659,774.0,220.75651
660,792.0,265.4439
661,804.0,318.18225
662,807.0,363.19226
663,809.0,400.49948
664,811.0,427.35369
665,811.0,438.27084
666,809.0,430.99737
667,802.0,401.41619
668,784.0,350.21655
669,770.0,295.61691
670,758.0,251.51435
671,762.0,225.48866
672,777.0,234.5886
673,790.0,270.56829
674,798.0,303.41488
675,802.0,326.97122
676,803.0,336.26611
677,796.0,330.99551
678,779.0,309.10552
679,758.0,266.41171
680,732.0,221.86817
681,714.0,191.41668
682,730.0,180.78268
683,757.0,199.98283
684,777.0,234.34956
685,785.0,264.37634
686,789.0,283.12857
687,789.0,291.93609
688,785.0,289.91931
689,773.0,275.79244
690,743.0,243.6723
691,696.0,200.62338
692,656.0,160.82826
693,652.0,134.90005
694,695.0,133.69786
695,734.0,159.29188
696,760.0,195.49205
697,779.0,230.26722
698,781.0,254.63584
699,780.0,263.97485
700,772.0,257.81768
701,736.0,234.97618
702,685.0,193.28727
703,631.0,149.44927
704,568.0,117.41963
705,598.0,103.54576
706,691.0,117.08311
707,730.0,151.23167
708,743.0,184.31961
709,761.0,210.94407
710,769.0,232.40007
711,767.0,243.71406
712,755.0,238.8125
713,719.0,212.04414
714,607.0,163.26048
715,399.0,111.7429
716,274.0,74.38928
717,350.0,60.80087
718,588.0,77.58969
719,675.0,110.01621
720,707.0,140.14743
721,725.0,164.60888
722,717.0,177.74705
723,673.0,169.77502
724,567.0,141.64204
725,298.0,101.4106
726,57.0,60.33903
727,75.0,38.11717
728,189.0,41.92099
729,378.0,68.10218
730,505.0,101.67285
731,560.0,130.8386
732,583.0,150.71876
733,569.0,155.51126
734,499.0,140.62319
735,312.0,110.26918
736,217.0,81.37496
737,281.0,68.29713
738,356.0,72.93413
739,531.0,92.69128
740,582.0,122.11233
741,649.0,155.87098
742,696.0,190.15415
743,721.0,224.6578
744,738.0,259.53744
745,739.0,284.88543
746,739.0,289.52474
747,714.0,268.953
748,660.0,226.54463
749,563.0,175.62582
750,509.0,133.76748
751,552.0,116.77908
752,614.0,128.12092
753,682.0,156.68095
754,712.0,189.18173
755,723.0,218.07827
756,740.0,244.1643
757,748.0,269.46359
758,758.0,293.64654
759,767.0,315.89624
760,775.0,334.52316
761,775.0,346.52645
762,776.0,349.02365
763,769.0,340.60836
764,752.0,317.37924
765,736.0,280.2229
766,718.0,242.76486
767,706.0,213.29739
768,707.0,196.62693
769,719.0,196.41806
770,734.0,213.5225
771,753.0,244.25946
772,765.0,279.24584
773,777.0,310.85311
774,779.0,336.00152
775,785.0,357.63159
776,789.0,380.9071
777,792.0,404.5725
778,797.0,425.39956
779,798.0,439.60299
780,798.0,445.91098
781,798.0,445.47698
782,797.0,437.11041
783,791.0,417.54589
784,783.0,384.15161
785,767.0,343.90393
786,746.0,301.49322
787,719.0,255.66398
788,691.0,212.21588
789,694.0,184.99497
790,713.0,183.18241
791,732.0,202.66107
792,752.0,231.72471
793,764.0,261.57278
794,773.0,289.70578
795,781.0,313.74252
796,784.0,332.32302
797,786.0,345.83715
798,786.0,348.91226
799,780.0,339.58718
800,764.0,315.03057
801,742.0,278.16433
802,714.0,236.21781
803,651.0,195.21354
804,591.0,160.26197
805,590.0,138.00762
806,617.0,134.4382
807,657.0,145.20681
808,699.0,165.78553
809,724.0,191.25422
810,736.0,217.11514
811,750.0,240.63665
812,755.0,259.57687
813,755.0,269.18045
814,751.0,265.29537
815,733.0,247.40881
816,690.0,216.32606
817,617.0,177.32929
818,526.0,140.42591
819,373.0,107.16856
820,227.0,79.2955
821,151.0,59.71009
822,124.0,48.79062
823,185.0,48.55622
824,287.0,57.75595
825,420.0,74.37303
826,565.0,97.87135
827,600.0,124.15465
828,666.0,152.03466
829,709.0,182.31442
830,723.0,213.17205
831,739.0,241.89454
832,748.0,266.12393
833,761.0,289.44122
834,774.0,317.86199
835,781.0,350.1539
836,785.0,380.21548
837,790.0,404.82083
838,795.0,426.29772
839,799.0,444.35833
840,800.0,459.64791
841,801.0,468.1398
842,801.0,467.42266
843,801.0,460.35809
844,798.0,448.49868
845,795.0,432.8749
846,788.0,411.10098
847,785.0,382.72662
848,778.0,354.10394
849,760.0,325.52532
850,743.0,291.60421
851,722.0,259.31463
852,694.0,227.80947
853,656.0,196.80563
854,657.0,173.37693
855,669.0,163.9196
856,708.0,173.04042
857,725.0,198.11457
858,746.0,231.81986
859,765.0,269.08529
860,778.0,306.04437
861,787.0,339.08358
862,795.0,370.57015
863,799.0,401.44866
864,803.0,427.11465
865,806.0,449.33187
866,808.0,467.73132
867,808.0,478.39782
868,809.0,479.92028
869,807.0,471.69064
870,802.0,453.14263
871,794.0,422.93252
872,786.0,386.39352
873,776.0,348.36917
874,757.0,307.63876
875,730.0,265.81292
876,704.0,225.50259
877,658.0,189.3674
878,628.0,162.1024
879,623.0,145.73132
880,647.0,142.70729
881,702.0,155.50198
882,723.0,179.58978
883,735.0,206.33493
884,750.0,232.59501
885,763.0,261.44747
886,777.0,290.94741
887,782.0,318.55358
888,789.0,342.95239
889,789.0,360.06381
890,791.0,367.47882
891,790.0,366.82897
892,786.0,356.16482
893,778.0,335.88082
894,763.0,306.83111
895,753.0,277.41006
896,734.0,247.78479
897,719.0,215.37452
898,676.0,186.60794
899,608.0,158.19877
900,545.0,129.79888
901,496.0,107.33566
902,479.0,95.84063
903,552.0,97.62998
904,589.0,114.48611
905,650.0,140.13349
906,700.0,167.25694
907,718.0,193.75839
908,737.0,220.84469
909,752.0,249.74821
910,763.0,274.78521
911,770.0,292.88299
912,774.0,306.48764
913,771.0,309.77856
914,760.0,298.03521
915,742.0,270.67504
916,719.0,232.23065
917,664.0,194.19471
918,579.0,159.15959
919,533.0,129.54127
920,391.0,104.66904
921,309.0,82.26847
922,242.0,65.39378
923,222.0,57.00401
924,325.0,60.06285
925,458.0,74.77454
926,556.0,97.16118
927,626.0,123.87615
928,691.0,151.86293
929,720.0,180.36494
930,728.0,204.32044
931,736.0,221.16033
932,740.0,232.91761
933,742.0,239.27897
934,741.0,239.51338
935,731.0,231.44157
936,703.0,211.12278
937,636.0,179.89613
938,542.0,143.06237
939,358.0,106.34235
940,173.0,74.97645
941,34.0,51.31568
942,38.0,37.09833
943,74.0,34.36672
944,171.0,42.88181
945,362.0,62.23746
946,524.0,87.81987
947,568.0,113.33266
948,621.0,136.824
949,660.0,158.9716
950,699.0,182.32139
951,716.0,206.39062
952,725.0,226.91365
953,730.0,239.15365
954,731.0,242.77413
955,720.0,237.10205
956,677.0,213.86134
957,586.0,173.33053
958,515.0,132.03616
959,368.0,99.24296
960,264.0,76.26219
961,163.0,59.88647
962,126.0,49.4126
963,194.0,48.04332
964,297.0,57.01793
965,383.0,74.09222
966,536.0,95.41128
967,576.0,117.32679
968,635.0,139.19821
969,673.0,162.34376
970,705.0,187.58268
971,719.0,213.0212
972,734.0,236.09249
973,740.0,255.44117
974,742.0,267.57675
975,742.0,269.2199
976,729.0,259.84378
977,713.0,236.19692
978,670.0,203.97929
979,590.0,167.98103
980,555.0,133.02018
981,376.0,105.94549
982,284.0,82.41468
983,190.0,64.72074
984,115.0,51.43636
985,170.0,46.27717
986,301.0,53.78503
987,379.0,68.47351
988,539.0,88.51612
989,565.0,111.09075
990,583.0,128.32516
991,567.0,133.4797
992,529.0,123.96899
993,373.0,104.27682
994,310.0,82.89045
995,249.0,65.82778
996,342.0,62.13999
997,524.0,78.2929
998,559.0,100.81183
999,607.0,122.17035
1000,655.0,147.07043
1001,707.0,174.32847
1002,730.0,204.94242
1003,742.0,238.56184
1004,758.0,271.9306
1005,774.0,303.6632
1006,780.0,333.48574
1007,788.0,360.4978
1008,793.0,383.31146
1009,797.0,400.88937
1010,797.0,411.99914
1011,796.0,410.96636
1012,794.0,396.71884
1013,787.0,374.94723
1014,776.0,347.38284
1015,760.0,315.35086
1016,745.0,280.34823
1017,733.0,247.374
1018,712.0,219.52647
1019,675.0,191.9992
1020,623.0,163.85461
1021,565.0,138.05868
1022,570.0,122.62755
1023,605.0,122.91533
1024,649.0,136.34591
1025,681.0,156.07058
1026,717.0,179.01885
1027,734.0,204.93083
1028,748.0,231.98231
1029,760.0,258.24008
1030,771.0,284.55355
1031,782.0,313.82608
1032,791.0,345.24536
1033,795.0,374.32293
1034,800.0,399.05822
1035,802.0,419.80172
1036,804.0,433.89144
1037,803.0,440.19247
1038,803.0,438.43096
1039,799.0,427.36993
1040,797.0,407.32965
1041,792.0,381.59637
1042,780.0,350.27224
1043,765.0,315.32998
1044,748.0,279.43615
1045,727.0,243.46574
1046,704.0,208.71609
1047,667.0,178.20889
1048,637.0,154.67808
1049,610.0,138.39752
1050,626.0,131.67643
1051,654.0,137.07929
1052,684.0,151.7817
1053,720.0,174.20547
1054,744.0,202.22242
1055,757.0,239.01672
1056,776.0,275.69961
1057,786.0,311.67932
1058,794.0,337.79553
1059,794.0,354.58203
1060,794.0,362.9277
1061,786.0,354.99743
1062,775.0,332.93109
1063,764.0,307.23263
1064,747.0,275.70428
1065,719.0,237.24594
1066,646.0,196.66638
1067,543.0,152.01377
1068,499.0,118.66591
1069,464.0,98.37033
1070,526.0,92.24568
1071,581.0,104.75723
1072,654.0,131.37704
1073,714.0,164.03564
1074,740.0,198.15867
1075,750.0,231.40675
1076,764.0,261.14343
1077,770.0,284.63479
1078,776.0,301.34701
1079,778.0,310.1174
1080,770.0,306.49923
1081,755.0,286.56106
1082,739.0,254.40145
1083,713.0,219.9094
1084,649.0,184.15251
1085,542.0,146.96832
1086,459.0,111.02809
1087,416.0,87.0981
1088,471.0,81.80895
1089,545.0,92.58452
1090,604.0,113.54386
1091,654.0,137.07929
1092,696.0,161.99331
1093,723.0,183.76725
1094,741.0,203.54066
1095,748.0,225.74627
1096,754.0,243.17564
1097,753.0,250.44909
1098,749.0,246.58724
1099,736.0,231.74559
1100,696.0,208.01751
1101,637.0,175.25912
1102,553.0,139.55561
1103,459.0,109.5799
1104,336.0,86.65018
1105,248.0,71.103
1106,290.0,63.42572
1107,401.0,68.19966
1108,507.0,83.33837
1109,564.0,100.40105
1110,592.0,117.74454
1111,614.0,133.99725
1112,620.0,142.5193
1113,592.0,139.83876
1114,557.0,127.15547
1115,514.0,109.50099
1116,412.0,92.63558
1117,338.0,80.0312
1118,320.0,71.24689
1119,320.0,67.05316
1120,352.0,67.7703
1121,496.0,78.30219
1122,516.0,91.55408
1123,489.0,94.03736
1124,346.0,84.61018
1125,224.0,68.35979
1126,80.0,50.37806
1127,0.0,32.41955
1128,0.0,17.15087
1129,0.0,9.66158
1130,0.0,14.56547
1131,98.0,29.95484
1132,233.0,49.2339
1133,310.0,67.3688
1134,335.0,79.47188
1135,289.0,78.47857
1136,168.0,65.04798
1137,106.0,50.44073
1138,58.0,40.15949
1139,90.0,36.55757
1140,99.0,40.30106
1141,213.0,48.83936
1142,292.0,57.88824
1143,304.0,64.63719
1144,309.0,69.11405
1145,293.0,70.90341
1146,261.0,68.00238
1147,215.0,62.04947
1148,163.0,56.57234
1149,156.0,51.7868
1150,97.0,46.25629
1151,49.0,39.76031
1152,30.0,34.933
1153,0.0,30.97136
1154,0.0,27.45996
1155,0.0,27.12112
1156,56.0,32.38474
1157,117.0,41.28277
1158,126.0,49.48687
1159,148.0,54.60196
1160,251.0,59.00688
1161,290.0,63.83883
1162,321.0,68.13235
1163,308.0,70.3116
1164,296.0,68.85877
1165,255.0,65.63515
1166,193.0,61.47855
1167,151.0,55.70899
1168,124.0,48.8324
1169,64.0,42.73328
1170,53.0,38.34693
1171,33.0,35.17436
1172,0.0,32.4474
1173,0.0,31.15238
1174,79.0,34.74037
1175,124.0,42.51744
1176,98.0,50.638
1177,198.0,57.08756
1178,279.0,63.14954
1179,332.0,70.97071
1180,355.0,80.38861
1181,359.0,87.34875
1182,360.0,89.06152
1183,329.0,87.0865
1184,316.0,81.50956
1185,282.0,72.92253
1186,167.0,64.303
1187,89.0,55.40496
1188,118.0,47.50953
1189,100.0,44.80577
1190,283.0,54.77602
1191,352.0,71.79692
1192,496.0,93.19954
1193,590.0,121.45786
1194,666.0,156.42102
1195,711.0,191.98297
1196,736.0,222.52961
1197,751.0,251.25674
1198,766.0,279.40365
1199,776.0,308.38143
1200,784.0,334.3955
1201,786.0,350.79675
1202,791.0,363.40347
1203,794.0,375.75024
1204,796.0,383.8847
1205,793.0,382.9494
1206,784.0,362.35678
1207,754.0,318.04531
1208,724.0,257.60882
1209,658.0,201.03416
1210,616.0,160.51031
1211,561.0,134.63082
1212,517.0,116.07123
1213,424.0,100.42658
1214,359.0,87.02384
1215,290.0,75.03911
1216,182.0,62.33261
1217,101.0,50.27131
1218,0.0,38.67416
1219,0.0,23.42173
1220,0.0,7.71441
1221,0.0,-2.35099
1222,0.0,-2.78499
1223,0.0,6.3869
1224,551.0,19.46241
1225,0.0,36.60631
1226,69.0,56.96688
1227,423.0,82.91598
1228,569.0,111.92857
1229,681.0,141.91357
1230,735.0,174.49789
1231,756.0,215.03569
1232,779.0,261.22698
1233,790.0,305.37597
1234,799.0,344.80209
1235,803.0,381.91897
1236,805.0,417.4786
1237,807.0,448.64025
1238,809.0,477.00534
1239,811.0,498.30349
1240,811.0,508.00222
1241,811.0,505.40753
1242,810.0,491.15539
1243,808.0,465.00436
1244,805.0,429.6838
1245,799.0,389.72854
1246,793.0,349.70132
1247,779.0,311.96942
1248,764.0,274.41622
1249,745.0,239.02833
1250,731.0,211.4152
1251,727.0,190.46978
1252,728.0,178.79374
1253,736.0,180.6968
1254,750.0,194.61245
1255,772.0,217.85084
1256,784.0,249.414
1257,792.0,283.11233
1258,804.0,316.21188
1259,809.0,349.22091
1260,811.0,381.64511
1261,813.0,411.05224
1262,812.0,434.62481
1263,814.0,450.36926
1264,815.0,455.29406
1265,814.0,448.09024
1266,812.0,429.52133
1267,808.0,401.20962
1268,800.0,364.85165
1269,791.0,326.53488
1270,782.0,290.84066
1271,766.0,257.61578
1272,746.0,227.61685
1273,734.0,201.49369
1274,713.0,176.31742
1275,711.0,157.74157
1276,717.0,154.49241
1277,730.0,163.02375
1278,740.0,176.41026
1279,761.0,196.25328
1280,776.0,223.33726
1281,785.0,249.32118
1282,782.0,264.10943
1283,762.0,251.36813
1284,739.0,214.78503
1285,708.0,176.04588
1286,634.0,143.73077
1287,555.0,117.65403
1288,513.0,97.0289
1289,555.0,87.62725
1290,625.0,94.3205
1291,683.0,117.55888
1292,728.0,151.10401
1293,757.0,190.51388
1294,782.0,232.62983
1295,794.0,277.84173
1296,807.0,325.98022
1297,809.0,373.36209
1298,813.0,412.79516
1299,814.0,433.92623
1300,814.0,432.06961
1301,809.0,406.34793
1302,795.0,360.44906
1303,780.0,304.8793
1304,740.0,247.34384
1305,651.0,187.31579
1306,515.0,132.4864
1307,504.0,96.47886
1308,597.0,89.51872
1309,653.0,108.13402
1310,690.0,134.07383
1311,634.0,142.57501
1312,516.0,117.28734
1313,272.0,81.82287
1314,191.0,55.47227
1315,300.0,47.07321
1316,515.0,58.90476
1317,638.0,83.94642
1318,650.0,106.41197
1319,569.0,105.81784
1320,371.0,82.21509
1321,288.0,58.55896
1322,349.0,53.03773
1323,490.0,59.67295
1324,501.0,69.68034
1325,385.0,71.60894
1326,347.0,64.69754
1327,331.0,61.1049
1328,299.0,58.6193
1329,288.0,55.59295
1330,207.0,51.7752
1331,204.0,46.96646
1332,257.0,46.90147
1333,296.0,53.17697
1334,286.0,60.08374
1335,204.0,58.15978
1336,95.0,47.45383
1337,77.0,37.22829
1338,25.0,30.06856
1339,96.0,26.36221
1340,109.0,31.65136
1341,205.0,41.51949
1342,198.0,50.9397
1343,205.0,53.56455
1344,167.0,48.67226
1345,125.0,40.37532
1346,117.0,34.22979
1347,116.0,31.23825
1348,122.0,31.099
1349,124.0,31.82774
1350,106.0,31.12453
1351,94.0,29.42569
1352,94.0,27.45067
1353,25.0,25.70774
1354,40.0,23.79074
1355,109.0,25.51975
1356,133.0,32.76071
1357,185.0,41.43826
1358,310.0,52.555
1359,500.0,71.3258
1360,560.0,94.57115
1361,579.0,111.41799
1362,547.0,110.36433
1363,438.0,94.24623
1364,271.0,71.85263
1365,100.0,49.14571
1366,0.0,31.35662
1367,0.0,21.29586
1368,49.0,19.24657
1369,229.0,28.6575
1370,463.0,51.24605
1371,629.0,81.26123
1372,690.0,117.64011
1373,719.0,152.94676
1374,736.0,178.28547
1375,745.0,202.2758
1376,766.0,233.51406
1377,784.0,271.56161
1378,793.0,309.86444
1379,804.0,344.69763
1380,807.0,376.58572
1381,810.0,404.75354
1382,813.0,427.85266
1383,813.0,443.02154
1384,815.0,448.69827
1385,814.0,447.82101
1386,813.0,436.34454
1387,808.0,407.50369
1388,797.0,365.21835
1389,788.0,318.37487
1390,745.0,269.84884
1391,690.0,214.05165
1392,596.0,156.59509
1393,439.0,108.2315
1394,303.0,74.3916
1395,394.0,61.86149
1396,533.0,73.15229
1397,657.0,104.3859
1398,727.0,147.39303
1399,762.0,194.57067
1400,790.0,251.97851
1401,804.0,310.81597
1402,810.0,360.46994
1403,814.0,403.62561
1404,814.0,440.84463
1405,817.0,469.81542
1406,818.0,488.10815
1407,819.0,500.43634
1408,820.0,508.69613
1409,820.0,511.35812
1410,820.0,510.55978
1411,820.0,506.60742
1412,818.0,497.37054
1413,816.0,479.97366
1414,815.0,453.77624
1415,811.0,420.2102
1416,805.0,381.01153
1417,790.0,336.85791
1418,773.0,286.34756
1419,735.0,232.81317
1420,669.0,181.71565
1421,568.0,134.59834
1422,443.0,97.1194
1423,393.0,75.58451
1424,493.0,71.33509
1425,593.0,84.7796
1426,664.0,110.45716
1427,714.0,142.62142
1428,742.0,176.31742
1429,764.0,210.99745
1430,786.0,247.84977
1431,795.0,285.25213
1432,808.0,320.44738
1433,812.0,352.47238
1434,815.0,381.69384
1435,815.0,407.03259
1436,818.0,428.39807
1437,818.0,446.24285
1438,819.0,460.4602
1439,819.0,473.05065
1440,819.0,484.32751
1441,821.0,491.92358
1442,821.0,496.62091
1443,821.0,499.62869
1444,821.0,502.71771
1445,823.0,509.36685
1446,823.0,519.58544
1447,825.0,532.76074
1448,826.0,547.71148
1449,827.0,561.00976
1450,828.0,570.76885
1451,829.0,575.55206
1452,830.0,573.84857
1453,826.0,563.15887
1454,824.0,537.76678
1455,820.0,500.05108
1456,815.0,457.70306
1457,810.0,408.39025
1458,802.0,355.83526
1459,786.0,306.3948
1460,766.0,260.06658
1461,731.0,221.61521
1462,708.0,188.12112
1463,653.0,156.45816
1464,615.0,128.30659
1465,586.0,107.45634
1466,619.0,100.24787
1467,668.0,111.78932
1468,713.0,136.33432
1469,740.0,166.50498
1470,772.0,201.72344
1471,791.0,244.32444
1472,805.0,290.75479
1473,812.0,335.07321
1474,816.0,375.42532
1475,818.0,412.57006
1476,820.0,446.36584
1477,822.0,474.93515
1478,823.0,494.10281
1479,823.0,498.43115
1480,820.0,485.72698
1481,817.0,455.02716
1482,812.0,409.52978
1483,802.0,357.42965
1484,789.0,304.77255
1485,765.0,255.25784
1486,710.0,211.37806
1487,672.0,171.38104
1488,679.0,149.63958
1489,650.0,137.89854
1490,627.0,127.15316
1491,444.0,104.55532
1492,367.0,80.07994
1493,424.0,65.10832
1494,388.0,62.3419
1495,353.0,63.11241
1496,253.0,56.46558
1497,364.0,48.51676
1498,491.0,62.09125
1499,586.0,95.40432
1500,644.0,133.25459
1501,662.0,164.96397
1502,683.0,183.50268
1503,686.0,194.02296
1504,678.0,194.5173
1505,615.0,178.3876
1506,471.0,138.72012
1507,362.0,91.4009
1508,275.0,58.44524
1509,170.0,42.06024
1510,25.0,33.84453
1511,137.0,35.01655
1512,293.0,47.98994
1513,341.0,59.28538
1514,179.0,55.59295
1515,69.0,39.96686
1516,197.0,30.59074
1517,304.0,41.89314
1518,352.0,54.85493
1519,204.0,55.76237
1520,69.0,40.06666
1521,62.0,24.34077
1522,70.0,18.64084
1523,0.0,14.72793
1524,0.0,4.22854
1525,0.0,-3.7342
1526,0.0,-1.87987
1527,0.0,3.90594
1528,0.0,-1.50621
1529,0.0,3.28628
1530,0.0,1.27877
1531,0.0,4.1357
1532,0.0,1.14416
1533,0.0,4.33529
