,FSR,LoadCell
0,10.0,1.96574
1,10.0,3.2097
2,7.0,3.59727
3,11.0,4.72519
4,9.0,6.65147
5,10.0,8.35496
6,13.0,10.49475
7,8.0,12.58581
8,10.0,14.7024
9,9.0,17.32493
10,7.0,19.6179
11,10.0,22.10118
12,6.0,24.49859
13,10.0,27.0306
14,7.0,29.2145
15,11.0,31.64904
16,9.0,34.28549
17,26.0,36.9289
18,74.0,39.88795
19,73.0,42.30625
20,111.0,44.71758
21,160.0,47.02912
22,154.0,49.15499
23,193.0,51.32496
24,193.0,53.89643
25,208.0,56.31472
26,218.0,58.97903
27,242.0,61.35091
28,269.0,63.61139
29,288.0,65.83473
30,301.0,68.23911
31,321.0,70.74327
32,335.0,73.1871
33,332.0,75.51256
34,341.0,77.82874
35,364.0,80.25632
36,380.0,82.99024
37,395.0,85.4712
38,400.0,87.60636
39,404.0,89.93647
40,401.0,92.42903
41,407.0,94.93319
42,425.0,97.32131
43,443.0,99.72337
44,468.0,102.16023
45,487.0,104.66671
46,511.0,107.27532
47,511.0,109.72379
48,525.0,112.16529
49,532.0,114.69731
50,539.0,117.29895
51,546.0,119.82632
52,552.0,122.39083
53,567.0,124.67684
54,570.0,126.92572
55,579.0,129.49021
56,585.0,132.08721
57,582.0,135.75643
58,587.0,142.19207
59,591.0,138.13294
60,605.0,139.18661
61,612.0,142.34524
62,618.0,145.18128
63,630.0,147.93843
64,629.0,150.48204
65,637.0,153.00477
66,646.0,155.46948
67,652.0,158.1454
68,653.0,160.79113
69,658.0,163.33706
70,662.0,165.6927
71,666.0,168.1226
72,672.0,170.71728
73,673.0,173.31196
74,674.0,175.86486
75,679.0,178.5222
76,680.0,181.10992
77,686.0,183.58856
78,696.0,186.05326
79,698.0,188.62474
80,701.0,191.15675
81,701.0,193.69573
82,708.0,196.3786
83,714.0,198.94775
84,716.0,201.45887
85,719.0,204.14407
86,719.0,206.54844
87,722.0,208.82516
88,725.0,211.28523
89,727.0,214.08183
90,728.0,216.73684
91,724.0,219.42668
92,728.0,222.03991
93,723.0,225.82054
94,727.0,232.55323
95,728.0,228.78654
96,726.0,229.65686
97,726.0,232.93153
98,727.0,235.73973
99,731.0,238.4342
100,732.0,241.16116
101,734.0,243.90902
102,733.0,246.60581
103,739.0,249.27244
104,743.0,251.50506
105,745.0,253.98602
106,743.0,256.70602
107,745.0,259.34713
108,746.0,261.84664
109,745.0,264.33456
110,746.0,267.12188
111,749.0,269.74209
112,748.0,272.23233
113,750.0,274.79916
114,752.0,277.5679
115,751.0,280.07205
116,754.0,282.55996
117,759.0,285.29623
118,759.0,288.00695
119,759.0,290.5436
120,763.0,293.2868
121,766.0,295.72366
122,765.0,298.08627
123,768.0,300.77377
124,766.0,303.52163
125,769.0,306.05828
126,771.0,308.69241
127,772.0,311.46813
128,773.0,314.06976
129,769.0,317.52313
130,774.0,323.10238
131,774.0,320.88833
132,774.0,321.89556
133,776.0,324.95208
134,778.0,327.67904
135,780.0,330.35961
136,781.0,333.04016
137,781.0,335.58609
138,784.0,338.36178
139,787.0,340.84509
140,788.0,343.13806
141,791.0,345.69094
142,791.0,348.43649
143,793.0,351.12631
144,793.0,353.78134
145,793.0,356.31103
146,794.0,358.96838
147,795.0,361.74407
148,796.0,364.48495
149,795.0,367.0216
150,800.0,369.63253
151,796.0,372.45932
152,800.0,375.17233
153,800.0,377.63473
154,801.0,380.4638
155,798.0,383.26968
156,800.0,386.09179
157,800.0,388.80947
158,801.0,390.9841
159,803.0,393.68786
160,803.0,396.62368
161,803.0,399.45046
162,805.0,402.30969
163,806.0,405.00418
164,808.0,407.74505
165,809.0,410.61129
166,808.0,413.39627
167,808.0,416.12322
168,810.0,418.85949
169,810.0,421.58877
170,811.0,424.35055
171,812.0,426.97772
172,814.0,429.65826
173,814.0,432.39218
174,817.0,435.2236
175,816.0,438.11532
176,814.0,440.73785
177,819.0,443.03549
178,818.0,445.66033
179,820.0,448.44763
180,816.0,451.37417
181,822.0,454.31002
182,821.0,457.0393
183,818.0,459.59918
184,822.0,462.34936
185,822.0,465.12506
186,822.0,467.97036
187,824.0,470.82266
188,826.0,473.44519
189,824.0,476.24179
190,825.0,479.13586
191,827.0,481.8605
192,831.0,484.54568
193,832.0,487.43045
194,829.0,490.14813
195,832.0,492.88671
196,830.0,495.25161
197,832.0,497.40536
198,830.0,500.13696
199,831.0,503.0194
200,833.0,505.74172
201,831.0,508.49191
202,831.0,511.30938
203,835.0,514.09667
204,831.0,516.91418
205,831.0,519.75024
206,834.0,522.55609
207,839.0,525.43621
208,841.0,529.31433
209,841.0,527.06079
210,841.0,522.84155
211,841.0,518.86596
212,841.0,514.41467
213,839.0,509.8171
214,839.0,505.16384
215,839.0,500.46188
216,839.0,495.62527
217,839.0,490.93954
218,838.0,486.37911
219,837.0,481.58432
220,836.0,476.87304
221,836.0,472.1293
222,835.0,467.32983
223,834.0,462.58374
224,833.0,457.74484
225,832.0,452.90359
226,830.0,447.98577
227,830.0,443.05172
228,828.0,438.21978
229,828.0,433.29266
230,827.0,428.46304
231,824.0,423.83532
232,825.0,419.11941
233,825.0,414.57061
234,825.0,410.07284
235,824.0,405.64938
236,823.0,401.11914
237,821.0,396.81167
238,818.0,392.488
239,817.0,387.99255
240,815.0,383.68975
241,815.0,379.44265
242,815.0,375.03775
243,814.0,370.83938
244,811.0,366.87307
245,810.0,362.78613
246,808.0,358.73397
247,808.0,354.84194
248,806.0,350.92904
249,804.0,346.94653
250,803.0,342.8897
251,800.0,338.93038
252,801.0,335.10336
253,799.0,331.28329
254,799.0,327.45162
255,798.0,323.74063
256,796.0,320.1596
257,793.0,316.52288
258,792.0,313.07412
259,791.0,309.46759
260,788.0,305.95385
261,788.0,302.44708
262,787.0,298.88464
263,785.0,295.48229
264,781.0,292.04748
265,778.0,288.50592
266,776.0,285.08966
267,776.0,281.52258
268,776.0,278.07382
269,772.0,274.71792
270,773.0,271.2181
271,772.0,267.84597
272,771.0,264.63394
273,764.0,261.23858
274,762.0,257.76663
275,759.0,254.47108
276,757.0,251.18943
277,756.0,247.91708
278,751.0,244.74916
279,751.0,241.5325
280,749.0,238.23461
281,744.0,235.0458
282,738.0,231.91502
283,736.0,228.74012
284,736.0,225.5606
285,737.0,222.42982
286,733.0,219.48701
287,722.0,217.03855
288,727.0,214.47636
289,726.0,209.5655
290,727.0,206.12141
291,723.0,202.99526
292,724.0,199.88999
293,721.0,196.79867
294,721.0,193.83033
295,723.0,191.05696
296,718.0,188.01435
297,716.0,184.97177
298,714.0,182.17517
299,711.0,179.33448
300,705.0,176.56806
301,705.0,173.95947
302,708.0,171.40657
303,705.0,168.45912
304,699.0,165.70431
305,694.0,163.00286
306,692.0,160.32464
307,691.0,157.47235
308,685.0,154.79876
309,679.0,152.12286
310,667.0,149.43534
311,659.0,146.76176
312,653.0,144.16708
313,644.0,141.51902
314,645.0,138.98469
315,646.0,136.48748
316,633.0,134.10865
317,617.0,131.73213
318,616.0,129.00283
319,610.0,126.44298
320,610.0,124.01308
321,612.0,121.49035
322,605.0,119.02796
323,593.0,117.06687
324,574.0,115.90181
325,564.0,110.32024
326,559.0,107.23123
327,551.0,104.73867
328,546.0,102.08596
329,536.0,99.53306
330,526.0,97.13797
331,510.0,94.93783
332,494.0,92.74465
333,473.0,90.24977
334,457.0,87.76186
335,424.0,85.51066
336,418.0,83.13878
337,403.0,80.77386
338,405.0,78.58533
339,407.0,76.28771
340,391.0,73.90888
341,366.0,71.65535
342,357.0,69.47611
343,347.0,67.19938
344,316.0,64.95514
345,312.0,62.83623
346,311.0,60.62217
347,306.0,58.55896
348,268.0,56.60251
349,261.0,54.26312
350,253.0,52.04441
351,222.0,49.83035
352,222.0,47.70912
353,211.0,45.66215
354,172.0,43.61055
355,134.0,41.57519
356,136.0,39.44003
357,128.0,37.36522
358,103.0,35.45054
359,129.0,33.94897
360,105.0,33.12508
361,36.0,28.46719
362,3.0,26.08835
363,4.0,24.1992
364,4.0,22.42609
365,2.0,20.40002
366,2.0,18.55032
367,5.0,16.73312
368,5.0,14.92056
369,4.0,13.17066
370,5.0,11.46254
371,5.0,9.70335
372,3.0,7.99755
373,5.0,6.5099
374,4.0,5.33325
375,5.0,4.20533
376,4.0,2.91495
377,3.0,2.00751
378,4.0,1.52942
379,7.0,1.26717
380,7.0,1.15345
381,5.0,1.06526
382,5.0,1.03044
383,6.0,1.11632
384,4.0,0.96314
385,4.0,0.90048
386,4.0,0.88191
387,6.0,0.80765
388,7.0,0.87727
389,5.0,1.04901
390,6.0,0.84014
391,0.0,-9.76834
392,0.0,10.17448
393,0.0,3.22362
394,0.0,2.04464
395,0.0,2.46935
396,0.0,1.39017
397,0.0,2.32314
398,0.0,1.33679
399,0.0,1.5712
400,0.0,1.9843
401,0.0,0.96546
402,0.0,2.07946
403,0.0,1.18362
404,0.0,1.89379
405,0.0,1.48997
406,0.0,1.38785
407,0.0,1.43195
408,0.0,1.27877
409,0.0,1.36
410,0.0,1.18826
411,0.0,1.46908
412,0.0,0.87263
413,0.0,1.5155
414,0.0,0.8471
415,0.0,3.01475
416,0.0,8.17393
417,0.0,16.74008
418,79.0,28.48112
419,182.0,40.50993
420,186.0,50.65888
421,216.0,59.9677
422,266.0,68.72416
423,349.0,76.65441
424,404.0,86.58055
425,426.0,95.68746
426,443.0,103.65716
427,457.0,114.03123
428,430.0,125.68407
429,470.0,137.08859
430,478.0,147.89897
431,499.0,157.63713
432,509.0,171.62472
433,557.0,189.56002
434,598.0,206.24905
435,615.0,217.62107
436,630.0,227.90231
437,634.0,239.20471
438,643.0,254.67994
439,669.0,271.41772
440,702.0,292.76229
441,715.0,314.16955
442,730.0,332.64794
443,739.0,353.15704
444,751.0,372.73547
445,764.0,390.22286
446,772.0,405.80718
447,775.0,422.08541
448,780.0,438.01089
449,783.0,454.6419
450,789.0,472.36135
451,793.0,492.44808
452,803.0,513.60467
453,809.0,534.42944
454,815.0,553.29071
455,817.0,568.46887
456,818.0,581.89019
457,820.0,594.88446
458,819.0,595.38348
459,817.0,576.6289
460,808.0,547.28906
461,802.0,516.84454
462,798.0,488.8833
463,787.0,460.26757
464,782.0,432.14385
465,776.0,404.68853
466,761.0,376.08676
467,748.0,348.10461
468,725.0,320.86282
469,700.0,293.87399
470,673.0,267.6278
471,647.0,240.31175
472,610.0,213.66871
473,555.0,188.47389
474,511.0,166.0594
475,471.0,144.3249
476,412.0,122.48134
477,343.0,100.64705
478,282.0,77.24621
479,191.0,58.38954
480,111.0,44.44372
481,59.0,32.70037
482,0.0,21.75538
483,0.0,10.68274
484,0.0,0.62662
485,0.0,-7.93721
486,0.0,-14.78595
487,0.0,-21.97122
488,0.0,-29.26788
489,0.0,-33.55211
490,0.0,-34.253
491,0.0,-30.08016
492,0.0,-20.17954
493,0.0,-10.12574
494,0.0,-0.31563
495,30.0,9.93079
496,161.0,21.32371
497,263.0,33.09723
498,290.0,44.29983
499,337.0,56.40988
500,312.0,64.95514
501,262.0,61.77098
502,126.0,49.31745
503,0.0,32.83034
504,0.0,16.80739
505,0.0,7.71673
506,52.0,14.77203
507,269.0,34.48972
508,424.0,56.04551
509,514.0,77.74519
510,548.0,100.27108
511,604.0,127.2251
512,652.0,152.71235
513,657.0,165.22854
514,617.0,158.62348
515,572.0,140.19152
516,519.0,117.6285
517,508.0,97.71121
518,340.0,82.94383
519,258.0,66.41262
520,231.0,53.91732
521,288.0,51.89124
522,346.0,58.71677
523,444.0,73.58164
524,497.0,93.10439
525,525.0,110.11368
526,559.0,121.41608
527,574.0,131.77391
528,621.0,151.05296
529,655.0,175.51673
530,680.0,201.93928
531,698.0,227.76539
532,710.0,247.49468
533,700.0,250.98519
534,667.0,228.06709
535,637.0,191.24263
536,543.0,153.62211
537,518.0,121.24898
538,465.0,102.40624
539,451.0,88.45114
540,439.0,78.40198
541,458.0,74.15256
542,487.0,80.78314
543,532.0,96.04254
544,564.0,113.21198
545,588.0,129.52502
546,628.0,145.05131
547,646.0,160.43141
548,679.0,179.44589
549,692.0,202.57983
550,714.0,226.01316
551,732.0,248.91038
552,749.0,270.77947
553,761.0,294.62591
554,757.0,309.41186
555,746.0,295.86523
556,734.0,268.52828
557,705.0,239.20239
558,676.0,207.01492
559,639.0,176.80943
560,571.0,148.53952
561,585.0,130.07505
562,650.0,130.81307
563,675.0,149.49801
564,704.0,173.85504
565,722.0,201.05273
566,743.0,230.60839
567,759.0,257.98016
568,771.0,284.00122
569,780.0,310.58621
570,790.0,338.72152
571,796.0,367.7666
572,806.0,394.66027
573,809.0,413.691
574,803.0,413.28952
575,791.0,387.20812
576,774.0,347.49655
577,749.0,303.28723
578,721.0,257.16091
579,678.0,212.93534
580,635.0,175.35427
581,588.0,143.8236
582,651.0,131.90386
583,683.0,147.96395
584,727.0,181.56944
585,756.0,221.00251
586,775.0,261.43585
587,790.0,301.13815
588,799.0,334.71347
589,808.0,362.72113
590,814.0,391.99829
591,817.0,420.73703
592,825.0,447.35452
593,829.0,473.50787
594,833.0,496.58843
595,838.0,515.83502
596,844.0,529.53247
597,848.0,543.69647
598,854.0,561.87774
599,855.0,575.85375
600,855.0,578.1676
601,855.0,575.84216
602,850.0,561.83367
603,834.0,528.19104
604,819.0,478.19824
605,800.0,419.01266
606,775.0,354.34066
607,735.0,290.29528
608,703.0,231.53208
609,720.0,198.23294
610,742.0,203.63581
611,771.0,236.87693
612,792.0,281.34387
613,804.0,323.5155
614,818.0,364.09738
615,825.0,402.25399
616,829.0,435.73184
617,837.0,464.48217
618,842.0,488.67907
619,847.0,509.19512
620,851.0,526.67553
621,844.0,529.14257
622,834.0,505.33792
623,822.0,462.0198
624,804.0,409.06097
625,782.0,350.3001
626,746.0,292.21923
627,672.0,235.12702
628,573.0,174.6325
629,552.0,127.83316
630,584.0,111.1859
631,617.0,119.00939
632,669.0,137.62469
633,688.0,163.53898
634,726.0,190.86897
635,749.0,220.5337
636,749.0,239.14437
637,732.0,230.34382
638,703.0,206.03785
639,681.0,179.16738
640,611.0,153.45501
641,571.0,131.14727
642,511.0,111.29498
643,437.0,91.08992
644,327.0,72.5628
645,284.0,58.70053
646,289.0,51.81233
647,340.0,55.65793
648,452.0,65.00852
649,481.0,75.69126
650,504.0,86.5968
651,486.0,91.39859
652,410.0,82.5052
653,289.0,65.72566
654,189.0,50.45465
655,145.0,40.40782
656,134.0,34.17873
657,88.0,27.89395
658,24.0,23.60972
659,119.0,24.75388
660,183.0,33.49409
661,262.0,45.40454
662,263.0,53.17929
663,203.0,51.42011
664,128.0,41.8212
665,22.0,29.76917
666,6.0,21.6463
667,23.0,18.91934
668,92.0,21.1891
669,153.0,28.06337
670,198.0,36.50188
671,198.0,42.45246
672,163.0,41.93492
673,43.0,33.9745
674,0.0,23.56562
675,0.0,17.05804
676,0.0,16.37339
677,49.0,19.90568
678,114.0,24.86528
679,127.0,28.58555
680,59.0,28.99634
681,1.0,25.59634
682,0.0,21.07538
683,13.0,19.50418
684,52.0,21.48152
685,112.0,25.32248
686,124.0,27.65723
687,43.0,26.88207
688,0.0,22.98309
689,20.0,19.88944
690,64.0,20.79224
691,130.0,25.32248
692,143.0,29.5719
693,87.0,29.35143
694,55.0,25.97927
695,66.0,23.83251
696,144.0,25.88876
697,172.0,33.9188
698,246.0,45.43471
699,292.0,53.58544
700,201.0,53.73165
701,117.0,44.0515
702,151.0,34.05109
703,248.0,36.78269
704,426.0,55.41424
705,512.0,79.23284
706,533.0,97.82029
707,457.0,98.76023
708,333.0,79.77127
709,341.0,63.7019
710,472.0,64.56525
711,527.0,80.7112
712,548.0,99.31723
713,550.0,109.02522
714,484.0,101.66358
715,377.0,83.46138
716,451.0,70.77345
717,528.0,75.77017
718,551.0,94.0652
719,604.0,114.68338
720,602.0,126.5335
721,567.0,121.37199
722,553.0,110.00228
723,556.0,101.12979
724,587.0,104.68296
725,626.0,123.71601
726,655.0,146.83602
727,606.0,153.07672
728,580.0,134.43588
729,569.0,112.26972
730,606.0,110.11601
731,668.0,127.5593
732,678.0,157.76942
733,671.0,174.108
734,592.0,159.94635
735,589.0,130.65527
736,604.0,116.61663
737,666.0,125.80011
738,688.0,153.93078
739,700.0,182.80876
740,674.0,188.5876
741,659.0,165.97816
742,618.0,142.34756
743,667.0,136.66156
744,685.0,147.95234
745,705.0,168.76315
746,719.0,193.50077
747,706.0,204.42257
748,664.0,186.60562
749,646.0,154.44601
750,675.0,141.11985
751,700.0,153.22293
752,721.0,181.16329
753,730.0,210.85356
754,724.0,224.45358
755,700.0,207.81793
756,685.0,179.58978
757,691.0,163.66662
758,715.0,171.2998
759,735.0,197.64576
760,759.0,234.48648
761,761.0,264.39953
762,735.0,263.45034
763,696.0,225.14286
764,689.0,184.31729
765,709.0,169.46868
766,735.0,184.60972
767,759.0,217.33793
768,772.0,258.82263
769,773.0,289.84967
770,750.0,278.91165
771,729.0,237.99324
772,737.0,212.60578
773,754.0,216.97589
774,778.0,247.40185
775,790.0,286.52624
776,799.0,324.20016
777,800.0,355.45697
778,793.0,352.64645
779,772.0,317.90841
780,766.0,281.55505
781,776.0,269.04119
782,798.0,288.39221
783,804.0,326.32601
784,816.0,363.22476
785,822.0,396.86505
786,813.0,408.32064
787,798.0,378.93438
788,787.0,330.17395
789,790.0,302.15234
790,802.0,305.81924
791,813.0,334.4396
792,823.0,375.80361
793,828.0,417.30453
794,834.0,454.26129
795,829.0,465.70294
796,814.0,428.98754
797,808.0,375.77343
798,814.0,355.1831
799,827.0,376.37222
800,836.0,422.20611
801,844.0,472.59576
802,849.0,512.19128
803,850.0,526.50842
804,838.0,515.64935
805,828.0,475.40164
806,825.0,428.05456
807,832.0,412.68377
808,843.0,439.16201
809,852.0,485.1607
810,855.0,521.33996
811,855.0,537.92224
812,856.0,541.20159
813,846.0,531.04565
814,833.0,497.08972
815,821.0,442.76394
816,816.0,396.08062
817,822.0,380.5288
818,834.0,395.47256
819,838.0,424.42712
820,835.0,438.18728
821,829.0,425.10714
822,810.0,392.69454
823,785.0,346.50323
824,768.0,299.126
825,776.0,273.09799
826,796.0,281.50167
827,804.0,310.81134
828,809.0,336.52835
829,804.0,343.57205
830,775.0,318.6
831,739.0,274.21893
832,725.0,230.49467
833,725.0,204.6268
834,744.0,203.15075
835,769.0,224.4118
836,785.0,256.95898
837,784.0,285.15466
838,760.0,280.36911
839,701.0,238.47366
840,665.0,187.18583
841,660.0,152.01843
842,685.0,143.13896
843,721.0,159.48683
844,744.0,189.62501
845,749.0,213.5225
846,702.0,210.74681
847,592.0,174.20779
848,559.0,131.80871
849,523.0,103.09088
850,582.0,96.26766
851,676.0,116.03178
852,704.0,152.29692
853,724.0,183.44931
854,714.0,196.15812
855,690.0,184.84179
856,597.0,157.97598
857,570.0,126.68434
858,503.0,101.01374
859,490.0,85.61509
860,515.0,81.33318
861,561.0,88.50452
862,604.0,105.92692
863,655.0,125.89295
864,675.0,144.28312
865,704.0,165.69502
866,730.0,189.91279
867,741.0,211.97915
868,754.0,231.73631
869,766.0,251.50506
870,778.0,272.61294
871,792.0,295.48693
872,803.0,320.86047
873,810.0,347.26214
874,818.0,371.9905
875,823.0,395.00839
876,828.0,419.05212
877,833.0,443.47875
878,839.0,466.43167
879,844.0,486.0194
880,847.0,504.10092
881,851.0,518.75921
882,852.0,529.4234
883,854.0,539.19641
884,855.0,546.87133
885,857.0,554.13085
886,856.0,556.17321
887,854.0,550.62408
888,852.0,539.91119
889,849.0,525.18328
890,843.0,506.34051
891,835.0,480.56082
892,830.0,449.09515
893,823.0,418.19342
894,815.0,390.92608
895,806.0,365.37847
896,797.0,338.39196
897,781.0,308.84793
898,766.0,280.59655
899,748.0,254.87722
900,737.0,232.25617
901,718.0,212.1625
902,682.0,191.91334
903,657.0,167.90676
904,607.0,144.05337
905,586.0,127.26455
906,566.0,115.40283
907,534.0,105.07054
908,483.0,88.42097
909,454.0,77.16731
910,346.0,68.16716
911,312.0,59.0092
912,450.0,59.80524
913,494.0,72.69741
914,529.0,88.24227
915,582.0,106.31682
916,636.0,128.37854
917,667.0,151.80491
918,699.0,175.45408
919,730.0,201.2268
920,755.0,229.16484
921,774.0,258.7669
922,786.0,289.21377
923,791.0,312.97201
924,789.0,317.30731
925,773.0,301.36096
926,752.0,272.84503
927,739.0,242.49563
928,718.0,216.75077
929,683.0,192.58406
930,650.0,166.07563
931,581.0,140.71371
932,569.0,120.54577
933,561.0,106.23095
934,583.0,103.80105
935,595.0,113.40693
936,657.0,128.83341
937,685.0,148.2378
938,717.0,170.72888
939,740.0,197.27676
940,758.0,225.48634
941,771.0,253.17141
942,786.0,281.15356
943,800.0,310.89254
944,810.0,343.46063
945,818.0,373.57098
946,822.0,399.18124
947,823.0,414.63558
948,818.0,409.60171
949,808.0,387.0155
950,799.0,355.91882
951,786.0,322.42935
952,770.0,291.57403
953,752.0,264.59219
954,734.0,236.10641
955,710.0,208.53274
956,689.0,185.30596
957,697.0,169.78895
958,715.0,171.22785
959,734.0,189.17013
960,752.0,214.97534
961,768.0,239.58068
962,774.0,259.95748
963,787.0,279.71234
964,801.0,303.40792
965,810.0,329.36862
966,819.0,356.77288
967,826.0,386.97372
968,832.0,418.85482
969,840.0,449.98864
970,844.0,476.9125
971,845.0,498.71661
972,846.0,510.64794
973,846.0,511.30938
974,843.0,503.52072
975,836.0,483.81927
976,826.0,449.09515
977,810.0,406.45236
978,798.0,361.20565
979,780.0,315.07931
980,761.0,275.40255
981,737.0,244.43817
982,723.0,218.55868
983,687.0,192.42391
984,688.0,170.65229
985,701.0,162.65707
986,728.0,173.04507
987,748.0,196.97737
988,763.0,225.25657
989,773.0,248.97537
990,792.0,274.18646
991,807.0,306.55493
992,819.0,343.47921
993,828.0,380.27349
994,834.0,412.62576
995,842.0,441.94934
996,845.0,469.29788
997,849.0,493.67578
998,851.0,512.24468
999,854.0,523.88128
1000,856.0,535.96118
1001,857.0,548.84637
1002,859.0,559.68225
1003,859.0,566.54492
1004,858.0,560.89605
1005,855.0,547.30065
1006,846.0,524.57055
1007,835.0,490.97436
1008,822.0,445.85528
1009,809.0,396.56567
1010,801.0,352.56289
1011,790.0,317.39318
1012,763.0,285.70236
1013,736.0,250.95503
1014,699.0,214.63882
1015,700.0,181.33503
1016,714.0,170.52233
1017,737.0,183.93435
1018,741.0,201.05505
1019,752.0,213.79637
1020,768.0,230.74299
1021,778.0,252.51229
1022,790.0,276.01062
1023,800.0,299.96844
1024,810.0,322.01626
1025,812.0,339.6986
1026,808.0,341.19784
1027,797.0,323.51782
1028,785.0,298.59222
1029,756.0,271.2622
1030,748.0,244.72131
1031,715.0,209.95075
1032,678.0,179.31593
1033,617.0,151.29898
1034,570.0,127.57554
1035,566.0,110.14617
1036,571.0,100.47995
1037,589.0,100.92323
1038,650.0,116.46577
1039,678.0,139.14019
1040,709.0,161.16941
1041,739.0,183.69067
1042,755.0,207.59977
1043,766.0,229.06968
1044,773.0,247.29278
1045,779.0,262.57305
1046,778.0,271.50823
1047,771.0,266.32351
1048,748.0,244.32444
1049,726.0,214.32319
1050,696.0,184.27087
1051,666.0,158.06648
1052,576.0,131.84353
1053,514.0,104.44392
1054,430.0,81.05236
1055,353.0,64.79501
1056,290.0,55.26339
1057,223.0,48.11062
1058,159.0,38.86215
1059,167.0,29.48835
1060,193.0,31.65368
1061,294.0,47.37028
1062,412.0,68.67078
1063,465.0,86.24868
1064,529.0,105.14481
1065,603.0,130.8827
1066,634.0,154.76164
1067,654.0,174.60466
1068,675.0,191.24726
1069,691.0,206.67376
1070,714.0,222.68046
1071,729.0,239.07243
1072,747.0,256.3254
1073,760.0,275.23779
1074,774.0,295.46838
1075,784.0,316.10513
1076,793.0,337.89764
1077,801.0,363.66802
1078,811.0,390.32962
1079,820.0,415.19491
1080,825.0,439.50317
1081,830.0,464.61215
1082,834.0,489.42868
1083,839.0,513.05462
1084,841.0,524.86993
1085,843.0,527.59924
1086,844.0,526.45971
1087,839.0,517.22283
1088,834.0,500.22052
1089,833.0,479.54431
1090,828.0,455.5679
1091,819.0,428.2124
1092,813.0,400.06777
1093,805.0,371.9905
1094,796.0,344.84384
1095,783.0,319.39141
1096,772.0,296.01608
1097,755.0,274.13076
1098,734.0,252.68405
1099,716.0,229.68006
1100,690.0,207.43035
1101,658.0,188.30447
1102,628.0,169.45939
1103,592.0,148.43043
1104,532.0,128.47601
1105,515.0,113.58331
1106,478.0,100.79094
1107,425.0,86.60144
1108,354.0,73.04553
1109,274.0,60.62913
1110,251.0,50.56141
1111,140.0,43.26939
1112,78.0,34.17873
1113,83.0,25.60098
1114,0.0,19.39046
1115,0.0,12.41407
1116,0.0,5.59782
1117,0.0,0.58021
1118,0.0,-3.72724
1119,0.0,-7.40574
1120,0.0,-9.08834
1121,0.0,-5.37038
1122,0.0,5.17311
1123,17.0,15.94404
1124,154.0,27.73613
1125,227.0,39.68836
1126,313.0,50.09957
1127,378.0,59.79132
1128,451.0,69.83351
1129,508.0,80.61837
1130,537.0,92.05538
1131,548.0,102.28091
1132,572.0,111.21607
1133,592.0,119.51997
1134,614.0,129.26509
1135,650.0,141.47261
1136,672.0,155.91508
1137,686.0,171.16056
1138,713.0,185.40576
1139,730.0,200.37506
1140,742.0,216.76933
1141,751.0,232.27938
1142,765.0,246.90751
1143,774.0,261.50085
1144,781.0,278.36392
1145,790.0,295.54034
1146,796.0,310.194
1147,804.0,326.29119
1148,809.0,345.93231
1149,815.0,368.14025
1150,822.0,389.36416
1151,829.0,407.50137
1152,833.0,422.84201
1153,836.0,436.90386
1154,843.0,454.22647
1155,850.0,476.92178
1156,853.0,500.1091
1157,854.0,512.34912
1158,851.0,509.15335
1159,847.0,493.42745
1160,839.0,466.97009
1161,831.0,435.40927
1162,825.0,405.68185
1163,813.0,380.31063
1164,807.0,354.20141
1165,796.0,328.37298
1166,784.0,305.32492
1167,771.0,282.553
1168,757.0,259.32623
1169,741.0,236.98832
1170,732.0,216.47227
1171,697.0,194.81901
1172,660.0,170.78459
1173,620.0,147.12614
1174,584.0,125.53554
1175,532.0,104.8547
1176,488.0,87.51817
1177,435.0,75.99993
1178,330.0,64.35173
1179,196.0,50.23185
1180,139.0,35.52713
1181,0.0,22.52821
1182,0.0,12.38854
1183,0.0,5.28915
1184,0.0,3.5671
1185,0.0,6.36601
1186,4.0,13.28438
1187,151.0,24.83975
1188,251.0,38.33532
1189,367.0,51.81233
1190,455.0,64.8275
1191,518.0,77.18355
1192,528.0,86.81264
1193,500.0,86.68964
1194,364.0,74.70723
1195,215.0,56.91117
1196,178.0,41.7098
1197,225.0,36.66897
1198,356.0,45.33956
1199,474.0,62.96852
1200,536.0,83.2966
1201,592.0,105.36064
1202,626.0,129.74085
1203,670.0,152.61488
1204,678.0,167.76983
1205,666.0,169.52438
1206,624.0,156.77378
1207,591.0,136.77526
1208,529.0,113.70632
1209,517.0,93.82616
1210,532.0,83.80253
1211,565.0,87.77114
1212,602.0,102.71259
1213,619.0,121.57622
1214,681.0,144.77282
1215,709.0,172.12602
1216,742.0,202.77246
1217,762.0,233.80416
1218,770.0,257.25143
1219,768.0,265.57156
1220,752.0,256.77102
1221,734.0,233.46533
1222,693.0,202.90475
1223,648.0,172.42773
1224,627.0,146.86155
1225,628.0,130.33499
1226,649.0,127.76817
1227,686.0,141.42387
1228,730.0,167.26158
1229,753.0,199.82734
1230,776.0,236.00198
1231,789.0,270.77716
1232,801.0,301.46539
1233,809.0,330.16
1234,811.0,351.76455
1235,807.0,352.50488
1236,794.0,333.79675
1237,775.0,301.70675
1238,752.0,262.66125
1239,709.0,224.23774
1240,697.0,191.91798
1241,692.0,166.51428
1242,723.0,166.13134
1243,748.0,184.42173
1244,764.0,213.555
1245,785.0,244.96731
1246,800.0,276.59777
1247,812.0,310.50497
1248,819.0,346.25723
1249,830.0,380.59609
1250,836.0,408.22549
1251,831.0,417.65728
1252,823.0,398.94915
1253,811.0,365.6918
1254,791.0,329.16671
1255,774.0,290.58306
1256,759.0,257.13305
1257,742.0,227.25016
1258,724.0,198.1842
1259,741.0,184.72575
1260,758.0,195.05805
1261,774.0,219.23869
1262,794.0,251.37046
1263,809.0,286.72586
1264,815.0,321.42443
1265,826.0,357.59677
1266,837.0,391.96813
1267,842.0,422.08541
1268,824.0,449.47344
1269,850.0,475.12081
1270,850.0,487.27032
1271,848.0,483.79373
1272,844.0,468.43685
1273,837.0,445.58837
1274,824.0,412.16622
1275,808.0,369.82748
1276,788.0,327.84152
1277,773.0,290.58306
1278,760.0,258.07763
1279,750.0,232.06123
1280,766.0,221.2462
1281,788.0,235.63993
1282,802.0,265.72705
1283,813.0,299.12368
1284,823.0,331.53625
1285,833.0,363.02517
1286,841.0,393.49755
1287,847.0,423.4338
1288,851.0,453.44668
1289,854.0,483.5686
1290,856.0,507.79101
1291,854.0,511.69232
1292,850.0,497.57476
1293,840.0,467.6849
1294,832.0,427.66699
1295,821.0,386.89248
1296,809.0,351.29342
1297,794.0,317.69952
1298,773.0,284.08474
1299,756.0,250.1822
1300,740.0,219.15747
1301,713.0,194.38269
1302,674.0,173.11004
1303,634.0,152.12518
1304,615.0,132.97608
1305,586.0,116.28011
1306,561.0,101.28992
1307,501.0,89.29128
1308,436.0,78.23024
1309,378.0,67.52893
1310,357.0,59.45015
1311,300.0,54.36756
1312,251.0,48.51212
1313,191.0,42.32249
1314,155.0,36.2489
1315,159.0,31.1988
1316,168.0,31.3218
1317,218.0,36.49491
1318,236.0,43.39703
1319,254.0,50.19936
1320,307.0,55.30749
1321,332.0,60.04196
1322,343.0,64.91801
1323,367.0,69.61768
1324,426.0,75.81659
1325,449.0,83.30123
1326,461.0,89.30752
1327,490.0,95.84295
1328,511.0,105.43955
1329,520.0,117.12024
1330,553.0,130.01704
1331,548.0,137.94729
1332,525.0,126.97212
1333,451.0,104.93593
1334,391.0,83.36854
1335,457.0,71.90136
1336,508.0,80.6555
1337,536.0,100.19914
1338,511.0,107.34262
1339,491.0,99.18261
1340,533.0,94.6106
1341,555.0,107.04556
1342,595.0,128.66864
1343,616.0,146.95439
1344,598.0,149.69064
1345,583.0,137.82893
1346,608.0,133.81854
1347,619.0,142.13404
1348,624.0,147.30252
1349,638.0,155.66212
1350,692.0,178.17176
1351,706.0,204.51539
1352,709.0,219.44291
1353,735.0,228.55447
1354,756.0,253.59381
1355,755.0,270.61239
1356,735.0,261.71435
1357,719.0,234.57699
1358,697.0,210.0552
1359,676.0,190.80166
1360,683.0,180.83837
1361,701.0,183.20794
1362,660.0,189.3558
1363,603.0,174.91101
1364,537.0,138.00299
1365,536.0,110.87723
1366,481.0,95.57374
1367,478.0,83.34997
1368,510.0,78.5041
1369,559.0,95.11886
1370,572.0,115.05703
1371,502.0,112.16761
1372,385.0,88.39311
1373,435.0,69.74532
1374,529.0,75.50096
1375,574.0,97.66944
1376,597.0,121.58318
1377,620.0,139.31657
1378,635.0,147.59262
1379,654.0,155.67372
1380,691.0,170.57803
1381,719.0,193.35922
1382,698.0,207.99896
1383,659.0,189.38597
1384,673.0,165.65092
1385,721.0,172.72479
1386,746.0,209.53997
1387,770.0,249.87353
1388,783.0,281.71752
1389,794.0,307.55987
1390,801.0,329.05529
1391,795.0,349.45068
1392,804.0,363.7423
1393,793.0,345.29409
1394,773.0,309.00341
1395,771.0,277.4681
1396,782.0,271.65908
1397,749.0,271.61267
1398,726.0,241.29345
1399,709.0,202.93724
1400,736.0,189.58091
1401,764.0,215.83172
1402,783.0,254.83081
1403,759.0,264.94726
1404,747.0,238.49687
1405,759.0,221.90531
1406,785.0,241.57427
1407,797.0,275.98043
1408,807.0,305.83547
1409,813.0,331.60125
1410,821.0,357.14187
1411,828.0,385.81332
1412,834.0,414.7052
1413,830.0,430.09225
1414,822.0,411.03833
1415,812.0,371.19909
1416,811.0,339.73803
1417,826.0,341.90106
1418,833.0,375.38354
1419,841.0,408.75695
1420,829.0,437.54904
1421,848.0,473.19223
1422,850.0,495.5162
1423,845.0,489.90676
1424,838.0,454.07562
1425,835.0,420.4887
1426,841.0,413.90454
1427,825.0,412.79748
1428,810.0,378.49343
1429,801.0,337.63073
1430,785.0,303.34524
1431,758.0,270.76788
1432,742.0,239.59461
1433,729.0,215.0937
1434,718.0,199.41888
1435,696.0,186.96534
1436,667.0,172.33489
1437,654.0,158.77433
1438,619.0,147.43016
1439,605.0,137.55043
1440,579.0,127.75193
1441,543.0,114.01499
1442,549.0,102.10453
1443,634.0,112.47164
1444,665.0,142.09924
1445,633.0,151.2247
1446,550.0,133.91137
1447,503.0,105.36064
1448,457.0,86.38329
1449,450.0,77.31816
1450,469.0,76.2854
1451,519.0,76.75885
1452,571.0,93.34575
1453,641.0,121.92202
1454,685.0,151.67262
1455,711.0,175.89503
1456,734.0,196.84741
1457,755.0,222.19078
1458,777.0,251.54916
1459,787.0,275.62536
1460,795.0,294.15014
1461,805.0,313.37817
1462,812.0,333.48574
1463,817.0,349.85916
1464,821.0,364.08114
1465,824.0,378.91351
1466,829.0,392.17932
1467,834.0,406.35025
1468,839.0,420.50958
1469,841.0,431.44296
1470,832.0,428.2565
1471,827.0,401.60882
1472,830.0,383.81741
1473,834.0,390.42709
1474,834.0,399.48062
1475,826.0,393.2492
1476,809.0,366.72686
1477,799.0,330.01846
1478,790.0,302.08505
1479,771.0,280.24844
1480,749.0,250.57209
1481,721.0,216.09629
1482,706.0,189.12371
1483,683.0,172.86172
1484,648.0,160.6983
1485,603.0,143.43139
1486,564.0,120.50632
1487,557.0,104.3859
1488,516.0,95.42057
1489,431.0,82.29632
1490,363.0,66.47528
1491,260.0,55.87145
1492,190.0,48.11758
1493,174.0,40.43103
1494,207.0,38.44208
1495,270.0,43.50379
1496,351.0,54.6739
1497,395.0,71.40007
1498,436.0,88.04035
1499,450.0,100.76541
1500,460.0,111.88447
1501,472.0,116.75588
1502,434.0,105.81784
1503,385.0,85.48745
1504,328.0,67.08334
1505,206.0,54.16332
1506,102.0,41.19689
1507,15.0,28.9244
1508,0.0,18.44589
1509,0.0,13.26581
1510,22.0,13.71605
1511,123.0,20.08671
1512,161.0,29.20057
1513,180.0,35.67566
1514,115.0,34.10911
1515,64.0,25.88644
1516,149.0,23.33122
1517,191.0,30.63252
1518,271.0,41.45683
1519,421.0,56.04551
1520,520.0,75.49632
1521,556.0,94.54562
1522,597.0,115.42372
1523,635.0,139.48831
1524,671.0,158.72096
1525,709.0,177.58691
1526,725.0,198.35594
1527,721.0,209.88113
1528,690.0,199.46994
1529,672.0,176.87442
1530,614.0,154.48313
1531,578.0,130.50906
1532,564.0,110.73799
1533,534.0,96.97551
1534,443.0,84.20172
1535,341.0,67.61481
1536,293.0,53.77807
1537,393.0,52.14189
1538,460.0,65.2731
1539,379.0,73.15229
1540,265.0,63.14258
1541,220.0,48.7094
1542,317.0,45.27458
1543,410.0,56.33793
1544,479.0,73.78123
1545,534.0,95.28828
1546,566.0,117.05758
1547,607.0,134.6378
1548,610.0,144.80763
1549,553.0,137.83357
1550,483.0,112.74317
1551,408.0,85.31339
1552,305.0,63.78545
1553,229.0,49.17124
1554,129.0,38.69273
1555,110.0,29.93859
1556,121.0,28.50665
1557,211.0,37.88044
1558,303.0,51.58489
1559,376.0,63.26094
1560,404.0,74.64689
1561,340.0,77.85659
1562,234.0,63.62995
1563,137.0,42.56386
1564,73.0,27.14433
1565,29.0,20.56712
1566,48.0,18.77312
1567,165.0,25.3248
1568,327.0,43.29492
1569,448.0,63.62995
1570,507.0,81.03611
1571,548.0,99.95777
1572,597.0,120.63629
1573,655.0,144.55001
1574,697.0,174.25653
1575,727.0,204.37615
1576,746.0,232.36758
1577,759.0,255.44581
1578,755.0,265.46481
1579,746.0,257.82467
1580,732.0,240.85017
1581,713.0,220.10899
1582,674.0,196.42037
1583,630.0,170.831
1584,585.0,145.61064
1585,533.0,119.88434
1586,487.0,97.7994
1587,420.0,81.02684
1588,359.0,67.56839
1589,436.0,61.20005
1590,503.0,69.87528
1591,564.0,84.98383
1592,579.0,101.86781
1593,591.0,116.02481
1594,613.0,125.00175
1595,659.0,137.94264
1596,682.0,157.68818
1597,722.0,184.2059
1598,733.0,209.46803
1599,746.0,228.13439
1600,769.0,249.38151
1601,779.0,272.00024
1602,786.0,288.18331
1603,784.0,297.18811
1604,779.0,291.87808
1605,767.0,277.80926
1606,753.0,260.5841
1607,736.0,238.42492
1608,710.0,209.98558
1609,691.0,185.20384
1610,690.0,170.88206
1611,713.0,172.09353
1612,737.0,188.75238
1613,756.0,215.23295
1614,774.0,242.55598
1615,786.0,266.15408
1616,797.0,290.84994
1617,804.0,318.13815
1618,815.0,345.21981
1619,821.0,370.45645
1620,822.0,389.08334
1621,821.0,391.64321
1622,818.0,380.12728
1623,809.0,359.8735
1624,793.0,329.75851
1625,773.0,294.31726
1626,750.0,256.38342
1627,719.0,220.64974
1628,694.0,191.55361
1629,691.0,174.71606
1630,714.0,171.76861
1631,732.0,181.81544
1632,746.0,199.70898
1633,765.0,224.16346
1634,788.0,251.91352
1635,798.0,280.87274
1636,808.0,309.85748
1637,808.0,328.98568
1638,802.0,324.52969
1639,796.0,306.29733
1640,777.0,285.58865
1641,749.0,252.62602
1642,706.0,210.0111
1643,690.0,176.0018
1644,677.0,160.84683
1645,616.0,146.74319
1646,545.0,121.67369
1647,417.0,92.51954
1648,288.0,66.88607
1649,185.0,49.0668
1650,209.0,39.04317
1651,356.0,43.98652
1652,443.0,63.04278
1653,486.0,84.5568
1654,495.0,104.0633
1655,429.0,100.91627
1656,341.0,76.99556
1657,255.0,55.68114
1658,135.0,42.1229
1659,154.0,33.14597
1660,199.0,33.51498
1661,340.0,46.38625
1662,408.0,65.2406
1663,307.0,70.15379
1664,255.0,55.51404
1665,249.0,42.64044
1666,376.0,49.01342
1667,445.0,69.40648
1668,479.0,90.05018
1669,513.0,111.57116
1670,586.0,139.13786
1671,647.0,170.46896
1672,675.0,196.33218
1673,680.0,208.96673
1674,632.0,202.6425
1675,562.0,176.5263
1676,530.0,143.68899
1677,555.0,124.98086
1678,612.0,129.66659
1679,673.0,160.36178
1680,711.0,201.58419
1681,721.0,232.66232
1682,754.0,254.28773
1683,770.0,281.07928
1684,775.0,300.50689
1685,773.0,301.21475
1686,771.0,294.06893
1687,760.0,285.50045
1688,719.0,263.35052
1689,699.0,225.91801
1690,687.0,200.28222
1691,683.0,188.32302
1692,699.0,184.48207
1693,710.0,189.96153
1694,719.0,200.05709
1695,742.0,217.58627
1696,765.0,246.44335
1697,780.0,277.04107
1698,785.0,300.99194
1699,789.0,318.53039
1700,791.0,331.65231
1701,790.0,335.8785
1702,784.0,330.2691
1703,773.0,309.92709
1704,747.0,277.57254
1705,728.0,246.64062
1706,723.0,223.19569
1707,601.0,201.18038
1708,587.0,154.30676
1709,551.0,121.38127
1710,579.0,113.75505
1711,649.0,127.50128
1712,719.0,167.79536
1713,727.0,205.17915
1714,722.0,212.15322
1715,643.0,192.52604
1716,585.0,153.22988
1717,530.0,120.72216
1718,460.0,97.84582
1719,384.0,76.41768
1720,319.0,60.13248
1721,322.0,52.4111
1722,392.0,54.82476
1723,477.0,66.8118
1724,508.0,84.57537
1725,554.0,101.65661
1726,545.0,110.99792
1727,492.0,104.19095
1728,369.0,83.49387
1729,234.0,60.08142
1730,124.0,42.68222
1731,144.0,32.84658
1732,135.0,26.79388
1733,149.0,25.84466
1734,138.0,29.69955
1735,148.0,31.89969
1736,28.0,25.89108
1737,0.0,17.51756
1738,80.0,16.60083
1739,240.0,28.80603
1740,331.0,46.13328
1741,337.0,56.57234
1742,173.0,52.97506
1743,31.0,34.97245
1744,117.0,23.28944
1745,351.0,33.21559
1746,457.0,58.81425
1747,548.0,86.23243
1748,589.0,113.5485
1749,668.0,145.49923
1750,699.0,183.62104
1751,693.0,200.48181
1752,652.0,188.7779
1753,581.0,155.87562
1754,516.0,118.38509
1755,426.0,91.68869
1756,350.0,70.83379
1757,296.0,55.61848
1758,420.0,54.45807
1759,509.0,71.66232
1760,566.0,97.90384
1761,602.0,122.89444
1762,598.0,136.80079
1763,528.0,125.82332
1764,420.0,95.44841
1765,360.0,67.95133
1766,434.0,57.34749
1767,510.0,69.41577
1768,575.0,94.28337
1769,589.0,118.42687
1770,623.0,137.00271
1771,659.0,154.19303
1772,701.0,176.04356
1773,725.0,199.53492
1774,737.0,222.40893
1775,764.0,248.7456
1776,784.0,279.98153
1777,795.0,311.62826
1778,803.0,338.47784
1779,809.0,356.70324
1780,815.0,369.52346
1781,812.0,374.52252
1782,807.0,362.807
1783,800.0,345.09451
1784,786.0,322.85406
1785,779.0,295.81417
1786,772.0,279.8655
1787,751.0,267.66262
1788,724.0,243.0155
1789,696.0,213.00961
1790,654.0,184.50527
1791,599.0,155.74798
1792,563.0,128.10237
1793,532.0,106.52802
1794,487.0,90.51203
1795,483.0,79.94533
1796,504.0,78.09796
1797,535.0,85.92376
1798,505.0,91.98343
1799,404.0,82.71407
1800,286.0,64.19392
1801,174.0,47.67431
1802,133.0,35.61764
1803,145.0,30.93423
1804,211.0,35.04208
1805,269.0,45.79212
1806,325.0,55.94107
1807,342.0,60.45507
1808,423.0,65.82545
1809,446.0,79.20963
1810,450.0,89.08705
1811,432.0,88.37223
1812,366.0,78.9613
1813,299.0,64.75788
1814,268.0,52.72441
1815,269.0,45.06106
1816,345.0,44.84523
1817,426.0,57.15486
1818,470.0,73.82765
1819,492.0,90.79981
1820,517.0,106.85061
1821,512.0,115.89717
1822,510.0,111.58277
1823,510.0,103.76624
1824,529.0,103.06303
1825,546.0,115.02222
1826,601.0,136.57336
1827,637.0,158.8927
1828,634.0,172.84779
1829,619.0,170.13475
1830,584.0,153.95863
1831,514.0,129.86387
1832,462.0,107.24283
1833,432.0,89.5164
1834,432.0,77.78
1835,478.0,74.45658
1836,491.0,80.27953
1837,474.0,84.30847
1838,355.0,76.72403
1839,232.0,59.77275
1840,134.0,42.32946
1841,82.0,29.0474
1842,121.0,22.84384
1843,160.0,27.57832
1844,271.0,40.86038
1845,331.0,54.54394
1846,325.0,61.78258
1847,316.0,60.68251
1848,297.0,55.91786
1849,243.0,51.67076
1850,168.0,42.88877
1851,168.0,35.1558
1852,226.0,37.33041
1853,247.0,44.23485
1854,175.0,44.04222
1855,159.0,35.72904
1856,179.0,30.82979
1857,231.0,35.93327
1858,303.0,48.38912
1859,355.0,60.00251
1860,415.0,68.63133
1861,417.0,74.0783
1862,332.0,72.26573
1863,265.0,61.92647
1864,201.0,48.54926
1865,167.0,37.77833
1866,145.0,31.79757
1867,178.0,30.04535
1868,171.0,31.5446
1869,167.0,34.41546
1870,176.0,34.59184
1871,137.0,30.78337
1872,160.0,28.01463
1873,144.0,30.40044
1874,167.0,35.68959
1875,175.0,38.21232
1876,141.0,34.17641
1877,135.0,28.88262
1878,135.0,26.36685
1879,147.0,26.24849
1880,140.0,26.74282
1881,81.0,25.33408
1882,16.0,22.63033
1883,48.0,21.8807
1884,137.0,25.63347
1885,155.0,31.11989
1886,144.0,32.45436
1887,130.0,30.05231
1888,91.0,26.77763
1889,21.0,22.92739
1890,20.0,21.38173
1891,38.0,22.01299
1892,32.0,21.42582
1893,15.0,21.50705
1894,87.0,23.63524
1895,99.0,25.90269
1896,36.0,24.70746
1897,18.0,22.49804
1898,91.0,23.60972
1899,79.0,25.782
1900,41.0,24.44057
1901,27.0,21.5465
1902,53.0,21.33763
1903,107.0,25.09968
1904,94.0,27.38801
1905,24.0,24.00658
1906,0.0,18.12561
1907,49.0,16.88862
1908,92.0,21.5465
1909,77.0,26.17422
1910,45.0,25.52439
1911,0.0,20.49749
1912,22.0,16.48247
1913,31.0,17.3435
1914,32.0,18.12561
1915,29.0,17.29244
1916,34.0,18.48302
1917,34.0,19.44384
1918,28.0,18.44357
1919,16.0,16.83524
1920,0.0,14.56315
1921,0.0,13.56288
1922,37.0,17.12766
1923,45.0,23.1618
1924,58.0,26.8519
1925,114.0,28.69231
1926,172.0,31.96931
1927,203.0,37.8085
1928,206.0,42.93519
1929,163.0,40.807
1930,27.0,32.85122
1931,19.0,22.61872
1932,30.0,17.82391
1933,38.0,19.36493
1934,29.0,19.57149
1935,136.0,21.32603
1936,209.0,33.78883
1937,255.0,47.89014
1938,265.0,53.01916
1939,286.0,54.44414
1940,260.0,55.22394
1941,183.0,49.30352
1942,86.0,35.79402
1943,120.0,26.37845
1944,129.0,26.37613
1945,50.0,26.14869
1946,0.0,20.98487
1947,0.0,15.25244
1948,0.0,13.46308
1949,34.0,16.64029
1950,125.0,22.59552
1951,188.0,29.6833
1952,194.0,37.07976
1953,220.0,43.58966
1954,236.0,47.85069
1955,313.0,52.35773
1956,353.0,61.30449
1957,422.0,73.43543
1958,446.0,81.21018
1959,444.0,84.45932
1960,473.0,84.3224
1961,526.0,94.23695
1962,588.0,122.34209
1963,626.0,144.50128
1964,640.0,156.81788
1965,627.0,160.33625
1966,607.0,153.13938
1967,551.0,139.9896
1968,533.0,124.25445
1969,516.0,111.84734
1970,484.0,100.56583
1971,446.0,87.91735
1972,396.0,76.91666
1973,344.0,68.2159
1974,273.0,59.27145
1975,179.0,48.55622
1976,139.0,37.63908
1977,153.0,28.70624
1978,148.0,26.69873
1979,152.0,29.37231
1980,22.0,26.23224
1981,0.0,16.18773
1982,0.0,7.63086
1983,0.0,4.63236
1984,0.0,1.14649
1985,0.0,-3.52997
1986,0.0,-2.2071
1987,0.0,7.03673
1988,53.0,18.55032
1989,0.0,24.4777
1990,0.0,21.11251
1991,0.0,15.29189
1992,0.0,11.37666
1993,0.0,10.2325
1994,0.0,13.50718
1995,113.0,21.73681
1996,170.0,31.00153
1997,184.0,36.89409
1998,237.0,41.4986
1999,301.0,49.89069
2000,314.0,57.49834
2001,248.0,56.99472
2002,182.0,48.26844
2003,163.0,37.34433
2004,146.0,31.95539
2005,86.0,30.1289
2006,52.0,27.15825
2007,0.0,22.4934
2008,0.0,18.10473
2009,0.0,14.61189
2010,0.0,11.5368
2011,0.0,8.38977
2012,0.0,6.90908
2013,0.0,9.24615
2014,69.0,17.15783
2015,194.0,27.69436
2016,255.0,39.54679
2017,302.0,51.45492
2018,335.0,60.51541
2019,356.0,66.0204
2020,326.0,66.76538
2021,261.0,60.44347
2022,186.0,48.31485
2023,75.0,35.97273
2024,0.0,26.50378
2025,0.0,18.7592
2026,0.0,13.49557
2027,0.0,10.44602
2028,0.0,8.83072
2029,23.0,9.86117
2030,0.0,16.9652
2031,150.0,21.40029
2032,188.0,32.1016
2033,255.0,42.15539
2034,218.0,47.29137
2035,152.0,42.80058
2036,91.0,33.19006
2037,128.0,28.4347
2038,184.0,31.44249
2039,309.0,44.07471
2040,405.0,60.76374
2041,464.0,74.7815
2042,492.0,85.70097
2043,530.0,95.92883
2044,558.0,106.57211
2045,560.0,116.37526
2046,566.0,121.36967
2047,543.0,118.75875
2048,484.0,106.29593
2049,368.0,85.9052
2050,259.0,65.04566
2051,148.0,46.85738
2052,31.0,31.55156
2053,0.0,18.81026
2054,0.0,7.94881
2055,0.0,1.49461
2056,0.0,-0.75659
2057,0.0,-1.08614
2058,7.0,4.42813
2059,110.0,18.05599
2060,140.0,26.35989
2061,180.0,33.15061
2062,259.0,40.36372
2063,325.0,52.97739
2064,453.0,69.11405
2065,505.0,85.78452
2066,542.0,102.06507
2067,564.0,119.40393
2068,605.0,133.71411
2069,632.0,143.09719
2070,638.0,147.80381
2071,623.0,148.16122
2072,587.0,142.66784
2073,555.0,128.8636
2074,470.0,106.92951
2075,335.0,83.01345
2076,258.0,61.97985
2077,178.0,46.29574
2078,143.0,35.70815
2079,124.0,30.43989
2080,151.0,29.87129
2081,153.0,31.31484
2082,116.0,31.0201
2083,132.0,31.5446
2084,218.0,40.00399
2085,279.0,54.25848
2086,244.0,60.17193
2087,98.0,48.73724
2088,0.0,29.9061
2089,0.0,18.32521
2090,28.0,17.6452
2091,178.0,25.50815
2092,283.0,40.7072
2093,426.0,59.44087
2094,471.0,76.32949
2095,484.0,87.49496
2096,483.0,91.78384
2097,464.0,88.95011
2098,449.0,83.03202
2099,363.0,77.06519
2100,302.0,66.80484
2101,214.0,52.87295
2102,137.0,39.7812
2103,109.0,29.90146
2104,83.0,23.96712
2105,189.0,27.56207
2106,418.0,49.85124
2107,505.0,83.44281
2108,542.0,111.83805
2109,619.0,136.82168
2110,662.0,163.80587
2111,700.0,191.65573
2112,714.0,214.18394
2113,726.0,229.88662
2114,735.0,243.68157
2115,743.0,252.93237
2116,747.0,260.81619
2117,748.0,265.05633
2118,739.0,259.85073
2119,727.0,246.56172
2120,708.0,225.73698
2121,676.0,202.56359
2122,643.0,180.73858
2123,607.0,159.12478
2124,554.0,139.16107
2125,557.0,121.50659
2126,563.0,112.67819
2127,585.0,119.12311
2128,560.0,125.1851
2129,478.0,112.52734
2130,424.0,88.79694
2131,311.0,68.92375
2132,452.0,62.18408
2133,519.0,75.89781
2134,500.0,88.37687
2135,424.0,82.21045
2136,288.0,65.3961
2137,246.0,49.00878
2138,312.0,46.28878
2139,389.0,58.9535
2140,374.0,68.59883
2141,423.0,68.65917
2142,528.0,84.05783
2143,537.0,114.86209
2144,517.0,116.41703
2145,495.0,103.32992
2146,503.0,94.99353
2147,523.0,99.70944
2148,515.0,103.55736
2149,448.0,95.44609
2150,406.0,82.97168
2151,284.0,67.72621
2152,166.0,52.59909
2153,144.0,41.41737
2154,154.0,33.69368
2155,0.0,26.58501
2156,0.0,17.08124
2157,0.0,10.42049
2158,79.0,16.91182
2159,185.0,29.37928
2160,160.0,36.55757
2161,59.0,32.93013
2162,131.0,27.67579
2163,133.0,30.44917
2164,0.0,27.63634
2165,0.0,15.25244
2166,184.0,16.28752
2167,347.0,39.3356
2168,463.0,69.65713
2169,543.0,95.42753
2170,553.0,112.1444
2171,462.0,109.80269
2172,445.0,93.17865
2173,467.0,80.75994
2174,532.0,87.34178
2175,498.0,98.78112
2176,298.0,84.70069
2177,151.0,53.45779
2178,176.0,36.19785
2179,257.0,41.81655
2180,249.0,52.3554
2181,239.0,53.04933
2182,378.0,55.48155
2183,451.0,73.50737
2184,436.0,88.1564
2185,408.0,83.84895
2186,466.0,78.88703
2187,531.0,94.82643
2188,616.0,125.11779
2189,631.0,147.04026
2190,630.0,153.18115
2191,658.0,156.49761
2192,702.0,182.42582
2193,729.0,220.94216
2194,729.0,241.35379
2195,689.0,232.08444
2196,645.0,197.33477
2197,645.0,164.47427
2198,651.0,152.5731
2199,526.0,144.4131
2200,299.0,104.24433
2201,198.0,58.81425
2202,354.0,48.13847
2203,459.0,68.16716
2204,389.0,82.32417
2205,301.0,69.66177
2206,430.0,60.95172
2207,484.0,79.43939
2208,552.0,110.55696
2209,598.0,138.78279
2210,637.0,161.78443
2211,650.0,180.14909
2212,654.0,181.78063
2213,646.0,181.10528
2214,617.0,172.09353
2215,586.0,152.89337
2216,550.0,136.52694
2217,541.0,129.22564
2218,489.0,119.12543
2219,323.0,91.93005
2220,188.0,59.61957
2221,387.0,50.27595
2222,432.0,71.79692
2223,394.0,82.35202
2224,405.0,71.52771
2225,480.0,76.2854
2226,606.0,112.10727
2227,663.0,157.58143
2228,689.0,195.32495
2229,713.0,221.16729
2230,721.0,235.47515
2231,727.0,241.56034
2232,741.0,249.99653
2233,766.0,273.1444
2234,783.0,313.07644
2235,782.0,336.69778
2236,746.0,315.85449
2237,718.0,269.44268
2238,722.0,233.76239
2239,695.0,221.67323
2240,659.0,210.25479
2241,602.0,179.42268
2242,536.0,142.99275
2243,552.0,119.94004
2244,609.0,118.62878
2245,677.0,139.14019
2246,736.0,191.29368
2247,662.0,223.09822
2248,557.0,175.57708
2249,520.0,126.91178
2250,466.0,99.61429
2251,450.0,82.13619
2252,501.0,78.7269
2253,563.0,94.58739
2254,631.0,123.38878
2255,641.0,144.123
2256,656.0,154.2557
2257,686.0,167.53776
2258,716.0,192.62583
2259,729.0,217.04319
2260,745.0,234.73713
2261,765.0,259.32623
2262,781.0,291.39535
2263,787.0,317.29803
2264,795.0,337.77462
2265,797.0,352.7091
2266,800.0,363.8421
2267,798.0,368.52551
2268,788.0,358.34173
2269,774.0,329.34075
2270,745.0,291.02633
2271,718.0,256.85687
2272,667.0,220.02313
2273,638.0,186.89108
2274,619.0,162.38786
2275,609.0,143.255
2276,553.0,130.89895
2277,525.0,114.79246
2278,456.0,93.83081
2279,335.0,74.8813
2280,332.0,60.94476
2281,436.0,58.25493
2282,525.0,71.47201
2283,622.0,100.92091
2284,649.0,130.20039
2285,647.0,143.74702
2286,610.0,144.87493
2287,545.0,130.56011
2288,456.0,102.92146
2289,285.0,73.3101
2290,154.0,49.2455
2291,156.0,33.4732
2292,158.0,29.70651
2293,214.0,36.48099
2294,246.0,45.80604
2295,402.0,56.53984
2296,457.0,77.23229
2297,443.0,89.97592
2298,362.0,81.87625
2299,267.0,63.189
2300,176.0,46.60209
2301,159.0,35.61996
2302,0.0,26.29258
2303,0.0,16.7308
2304,0.0,14.14308
2305,188.0,23.865
2306,228.0,37.84563
2307,98.0,41.80031
2308,0.0,28.23279
2309,178.0,21.51169
2310,326.0,38.56276
2311,448.0,66.22
2312,508.0,88.81319
2313,572.0,109.27819
2314,637.0,135.48489
2315,651.0,159.8744
2316,640.0,162.90075
2317,558.0,145.11398
2318,528.0,119.69635
2319,454.0,99.32651
2320,426.0,85.7938
2321,453.0,77.67789
2322,461.0,79.62042
2323,405.0,79.05877
2324,302.0,65.56552
2325,338.0,55.35158
2326,472.0,65.45412
2327,514.0,85.46192
2328,438.0,88.13783
2329,291.0,69.05371
2330,206.0,49.13642
2331,197.0,40.44263
2332,269.0,43.3715
2333,437.0,60.72661
2334,498.0,86.3624
2335,523.0,109.87232
2336,576.0,127.76817
2337,608.0,144.98866
2338,605.0,153.74279
2339,516.0,142.51698
2340,448.0,114.47219
2341,281.0,77.30656
2342,130.0,46.83881
2343,121.0,30.04999
2344,155.0,28.56003
2345,221.0,39.26597
2346,186.0,46.93629
2347,152.0,39.86242
2348,106.0,29.37463
2349,194.0,29.18201
2350,339.0,45.50666
2351,449.0,68.6847
2352,488.0,89.34001
2353,513.0,104.86862
2354,519.0,112.76174
2355,461.0,107.78822
2356,295.0,86.34384
2357,148.0,57.11773
2358,148.0,36.35798
2359,152.0,29.65777
2360,168.0,34.13
2361,167.0,36.37655
2362,139.0,31.67921
2363,234.0,32.89764
2364,384.0,50.70762
2365,353.0,67.41986
2366,150.0,59.68223
2367,0.0,33.86774
2368,0.0,12.14254
2369,0.0,6.62594
2370,216.0,18.75688
2371,419.0,46.53943
2372,534.0,83.21768
2373,629.0,121.61335
2374,690.0,161.35276
2375,732.0,207.46052
2376,756.0,251.50738
2377,771.0,282.14688
2378,772.0,296.16232
2379,748.0,287.38961
2380,714.0,250.14274
2381,643.0,201.85574
2382,536.0,150.33119
2383,448.0,105.56719
2384,449.0,82.94151
2385,539.0,86.30206
2386,644.0,114.97116
2387,718.0,161.38293
2388,753.0,215.34436
2389,780.0,265.51354
2390,793.0,310.67672
2391,783.0,350.3233
2392,814.0,387.85794
2393,818.0,414.95123
2394,822.0,435.73184
2395,822.0,446.16162
2396,812.0,430.72119
2397,794.0,387.35433
2398,769.0,333.76193
2399,735.0,277.98794
2400,686.0,227.81179
2401,645.0,184.8302
2402,553.0,145.71507
2403,522.0,114.21225
2404,419.0,92.86998
2405,427.0,76.18096
2406,494.0,76.72867
2407,560.0,97.16118
2408,648.0,125.01567
2409,665.0,153.23222
2410,700.0,180.51347
2411,610.0,182.11715
2412,245.0,126.38496
2413,0.0,47.23103
2414,0.0,-8.05325
2415,0.0,-11.76192
2416,0.0,-7.5125
2417,0.0,0.7798
2418,0.0,-0.91208
2419,0.0,-0.77051
2420,0.0,1.20219
2421,0.0,-2.64109
2422,0.0,-1.34608
