,FSR,LoadCell
0,3.47659,
1,0.0,3.64601
2,0.0,3.73188
3,0.0,3.78642
4,0.0,6.06198
5,0.0,17.46882
6,0.0,43.59778
7,31.0,62.11214
8,437.0,96.02978
9,523.0,142.48333
10,634.0,193.09812
11,628.0,203.95724
12,495.0,151.63317
13,304.0,87.53325
14,53.0,57.46005
15,352.0,82.90785
16,516.0,124.9681
17,613.0,170.24383
18,677.0,215.6739
19,721.0,250.36785
20,758.0,291.40115
21,778.0,327.18008
22,795.0,379.28369
23,803.0,418.10406
24,816.0,455.83364
25,825.0,488.85659
26,836.0,525.2633
27,842.0,544.81506
28,846.0,564.31695
29,850.0,579.75042
30,832.0,506.85342
31,802.0,390.10452
32,793.0,323.15927
33,816.0,377.67071
34,836.0,467.98663
35,848.0,525.89923
36,855.0,569.38214
37,840.0,515.60754
38,819.0,425.91827
39,782.0,321.38964
40,778.0,272.23464
41,818.0,366.07705
42,838.0,452.71563
43,845.0,490.2897
44,844.0,484.94833
45,819.0,419.77621
46,794.0,328.20822
47,766.0,260.05612
48,799.0,287.44647
49,819.0,360.76119
50,835.0,426.17239
51,839.0,452.43481
52,836.0,441.89132
53,821.0,400.39385
54,803.0,328.83599
55,744.0,250.82623
56,730.0,214.87438
57,789.0,270.31417
58,813.0,328.51223
59,822.0,369.22756
60,811.0,337.61798
61,775.0,266.32003
62,630.0,190.6392
63,564.0,144.09397
64,706.0,189.2734
65,773.0,251.65708
66,794.0,294.63406
67,762.0,262.2702
68,642.0,189.09587
69,474.0,128.787
70,400.0,93.79367
71,542.0,122.32817
72,679.0,182.82849
73,716.0,213.45869
74,665.0,192.05839
75,554.0,143.72613
76,343.0,92.9048
77,163.0,60.10115
78,344.0,67.43959
79,553.0,116.74543
80,629.0,153.95167
81,583.0,145.66285
82,451.0,103.31716
83,251.0,71.85263
84,23.0,47.46543
85,0.0,31.57361
86,101.0,52.69192
87,449.0,88.04964
88,494.0,105.76098
89,366.0,90.00957
90,169.0,64.31808
91,0.0,41.21198
92,0.0,25.44548
93,0.0,36.01566
94,87.0,53.77574
95,286.0,73.45515
96,146.0,65.12805
97,0.0,31.72911
98,0.0,14.79059
99,0.0,34.00699
100,273.0,69.84396
101,479.0,111.97846
102,544.0,137.05145
103,329.0,105.83293
104,169.0,69.5585
105,190.0,60.25316
106,437.0,95.56098
107,535.0,128.89028
108,602.0,154.06306
109,628.0,172.31285
110,618.0,166.41447
111,561.0,142.17234
112,452.0,111.0629
113,346.0,87.92083
114,503.0,104.95217
115,613.0,145.20565
116,648.0,176.76882
117,688.0,206.35
118,729.0,236.35127
119,758.0,257.51483
120,743.0,246.13816
121,664.0,196.9356
122,594.0,149.75447
123,622.0,140.1625
124,701.0,185.0147
125,753.0,235.39044
126,772.0,272.29382
127,792.0,311.337
128,804.0,344.91116
129,808.0,355.62289
130,799.0,323.5805
131,758.0,258.75183
132,704.0,207.64038
133,733.0,209.38333
134,784.0,257.64596
135,802.0,307.26742
136,812.0,342.59265
137,818.0,368.83999
138,819.0,370.25451
139,810.0,339.43634
140,781.0,275.34686
141,725.0,219.99876
142,778.0,237.31324
143,804.0,292.46871
144,813.0,331.3796
145,822.0,363.40579
146,825.0,389.78076
147,827.0,406.48602
148,831.0,423.36303
149,831.0,420.68945
150,816.0,363.32107
151,778.0,281.07928
152,776.0,245.75871
153,809.0,286.53671
154,826.0,345.02487
155,831.0,388.57858
156,834.0,417.69326
157,839.0,439.57513
158,843.0,452.43365
159,845.0,464.0888
160,847.0,471.66744
161,843.0,456.39761
162,829.0,400.583
163,809.0,330.99319
164,769.0,260.0805
165,729.0,214.22106
166,764.0,219.65876
167,804.0,272.41101
168,824.0,334.90725
169,833.0,381.7066
170,839.0,416.40173
171,846.0,444.74707
172,849.0,471.86935
173,852.0,492.59082
174,857.0,511.20611
175,858.0,517.61273
176,850.0,480.54342
177,831.0,407.33428
178,812.0,330.41531
179,780.0,262.61251
180,758.0,222.46231
181,781.0,236.87461
182,804.0,268.02932
183,812.0,293.08142
184,826.0,337.53094
185,834.0,375.98114
186,843.0,410.76214
187,850.0,447.4346
188,857.0,483.65332
189,854.0,483.28433
190,837.0,423.99893
191,820.0,345.89169
192,797.0,286.01916
193,733.0,226.83822
194,595.0,158.94027
195,504.0,113.40345
196,681.0,159.88833
197,774.0,231.92198
198,807.0,291.85253
199,820.0,342.17141
200,831.0,381.48266
201,836.0,409.22924
202,832.0,392.763
203,814.0,336.29046
204,789.0,273.39157
205,739.0,220.85514
206,663.0,178.21237
207,650.0,156.60552
208,742.0,196.36352
209,798.0,262.86083
210,820.0,321.54977
211,831.0,361.45977
212,836.0,391.53762
213,836.0,400.47625
214,817.0,335.1347
215,763.0,248.98233
216,601.0,159.40443
217,345.0,88.90138
218,143.0,55.66954
219,420.0,81.51537
220,656.0,151.75617
221,759.0,222.69671
222,788.0,271.44671
223,771.0,255.50848
224,675.0,195.48509
225,538.0,135.51855
226,179.0,71.87699
227,0.0,32.02849
228,1.0,32.14221
229,430.0,83.59366
230,659.0,150.87542
231,740.0,209.31254
232,780.0,251.31243
233,750.0,235.503
234,654.0,174.56056
235,448.0,112.83717
236,153.0,62.97548
237,459.0,85.02909
238,699.0,169.89106
239,797.0,273.33355
240,824.0,364.17977
241,840.0,437.29028
242,850.0,491.70309
243,851.0,506.36373
244,832.0,440.94442
245,803.0,330.10083
246,674.0,212.63943
247,387.0,117.30939
248,0.0,59.40722
249,0.0,71.52887
250,189.0,160.443
251,359.0,260.8684
252,464.0,378.08496
253,547.0,482.90255
254,656.0,546.13214
255,685.0,582.12463
256,666.0,539.16851
257,536.0,402.4652
258,326.0,239.83134
259,255.0,125.9324
260,247.0,113.17832
261,417.0,200.84153
262,569.0,305.64633
263,636.0,403.54437
264,693.0,486.88043
265,725.0,544.14318
266,752.0,581.90527
267,731.0,541.00311
268,633.0,403.64532
269,484.0,274.40692
270,341.0,144.64401
271,356.0,119.48168
272,522.0,230.84744
273,626.0,333.12835
274,683.0,413.58078
275,680.0,419.22384
276,595.0,306.34722
277,421.0,186.66365
278,104.0,83.11905
279,60.0,49.93247
280,365.0,137.57595
281,461.0,240.86758
282,581.0,305.31912
283,479.0,263.81701
284,354.0,152.75877
285,15.0,60.48408
286,0.0,21.96889
287,127.0,76.44669
288,422.0,172.03666
289,454.0,243.25338
290,430.0,236.26539
291,407.0,178.13578
292,315.0,130.42318
293,187.0,90.70814
294,43.0,61.42633
295,0.0,28.45675
296,0.0,6.46117
297,0.0,14.96117
298,0.0,48.47615
299,147.0,96.57633
300,329.0,156.64498
301,437.0,231.05282
302,580.0,315.46109
303,636.0,400.23837
304,675.0,468.77337
305,723.0,527.69787
306,742.0,575.68896
307,736.0,562.1574
308,672.0,460.44281
309,595.0,352.10919
310,471.0,261.84548
311,435.0,180.89756
312,230.0,101.48487
313,0.0,41.69239
314,0.0,12.65196
315,0.0,29.61832
316,237.0,97.95142
317,448.0,193.94058
318,570.0,303.55761
319,648.0,406.39086
320,712.0,507.91751
321,745.0,573.94836
322,762.0,605.21795
323,739.0,561.51458
324,703.0,473.58328
325,641.0,389.45004
326,567.0,302.90429
327,387.0,214.9707
328,374.0,141.7337
329,216.0,84.27482
330,0.0,43.16727
331,32.0,48.81383
332,307.0,120.91362
333,410.0,203.24475
334,541.0,267.2936
335,628.0,344.88909
336,691.0,427.51962
337,720.0,494.89886
338,742.0,532.10974
339,744.0,535.43896
340,722.0,484.68841
341,685.0,414.78875
342,647.0,358.20367
343,605.0,297.85302
344,488.0,231.92082
345,389.0,159.84887
346,179.0,82.37407
347,226.0,69.03863
348,345.0,123.41779
349,284.0,110.80761
350,416.0,174.04534
351,416.0,156.0288
352,445.0,194.98147
353,413.0,203.82379
354,442.0,177.25039
355,496.0,229.20198
356,426.0,200.50733
357,541.0,234.15228
358,495.0,246.19154
359,492.0,221.54907
360,584.0,277.52264
361,489.0,240.22935
362,590.0,265.49847
363,591.0,293.40634
364,550.0,247.11175
365,642.0,320.37658
366,621.0,334.14718
367,637.0,317.87243
368,677.0,390.53735
369,646.0,363.38024
370,680.0,370.72796
371,718.0,443.45321
372,665.0,388.43817
373,703.0,390.48977
374,707.0,428.55587
375,661.0,357.59213
376,703.0,386.74975
377,721.0,428.15786
378,667.0,370.04449
379,619.0,302.26257
380,560.0,246.16021
381,373.0,186.18208
382,415.0,131.85861
383,284.0,86.71633
384,28.0,41.12959
385,0.0,20.8108
386,100.0,53.71192
387,289.0,110.98283
388,444.0,162.95645
389,461.0,215.84681
390,567.0,274.76318
391,613.0,324.65039
392,633.0,350.2676
393,594.0,305.18566
394,641.0,334.31777
395,606.0,319.78131
396,464.0,222.39616
397,479.0,203.80407
398,577.0,250.58253
399,631.0,314.40512
400,672.0,380.27465
401,710.0,435.8421
402,725.0,473.86874
403,735.0,496.38534
404,749.0,515.5379
405,741.0,503.44412
406,720.0,449.39569
407,677.0,377.897
408,630.0,307.75714
409,588.0,252.76179
410,676.0,316.34649
411,596.0,281.656
412,570.0,225.26818
413,661.0,318.64526
414,705.0,393.67044
415,653.0,354.19326
416,600.0,263.59423
417,407.0,190.94787
418,361.0,123.46769
419,416.0,113.55546
420,517.0,198.35594
421,625.0,276.32742
422,679.0,354.08999
423,727.0,427.06011
424,743.0,473.75039
425,744.0,477.20144
426,742.0,456.39645
427,757.0,498.98583
428,767.0,527.89514
429,749.0,485.22219
430,726.0,423.98153
431,682.0,360.98632
432,622.0,282.77117
433,410.0,191.15327
434,518.0,180.46705
435,525.0,205.03062
436,417.0,152.85392
437,535.0,186.98971
438,625.0,255.93783
439,659.0,311.3544
440,690.0,357.80447
441,716.0,398.62423
442,743.0,447.26052
443,758.0,490.13653
444,769.0,516.24694
445,749.0,475.63836
446,744.0,433.08496
447,768.0,481.10043
448,774.0,519.21179
449,742.0,442.67227
450,702.0,359.95239
451,722.0,369.31228
452,675.0,331.5444
453,688.0,319.61303
454,714.0,359.33621
455,669.0,317.73086
456,624.0,254.20301
457,486.0,192.89852
458,387.0,128.70578
459,425.0,115.16611
460,485.0,171.4112
461,546.0,207.32591
462,429.0,160.52191
463,402.0,109.74932
464,201.0,65.71289
465,133.0,48.97861
466,348.0,91.27674
467,141.0,65.06423
468,0.0,18.00609
469,195.0,49.44161
470,442.0,112.55983
471,523.0,172.93367
472,641.0,242.11734
473,704.0,317.23071
474,734.0,369.67895
475,684.0,333.75613
476,678.0,283.95712
477,713.0,316.76309
478,675.0,287.59963
479,733.0,347.95956
480,737.0,385.91311
481,716.0,347.54876
482,715.0,314.0361
483,663.0,272.08728
484,544.0,190.16461
485,419.0,128.16618
486,460.0,130.24447
487,568.0,181.56364
488,648.0,220.26101
489,671.0,268.29736
490,723.0,332.72219
491,740.0,377.05105
492,751.0,412.56307
493,758.0,435.63436
494,762.0,437.68017
495,753.0,422.9302
496,748.0,399.77072
497,731.0,353.50747
498,747.0,359.2109
499,742.0,359.52536
500,746.0,353.76507
501,738.0,351.49069
502,733.0,329.85714
503,721.0,322.86334
504,681.0,279.6369
505,652.0,239.60157
506,573.0,191.9203
507,484.0,152.74368
508,604.0,176.86514
509,461.0,158.35078
510,436.0,112.76638
511,331.0,88.78417
512,67.0,49.14571
513,270.0,66.84197
514,242.0,79.43591
515,196.0,58.34196
516,428.0,109.36058
517,402.0,114.36079
518,289.0,86.87646
519,439.0,127.37595
520,435.0,151.11447
521,468.0,165.78669
522,574.0,200.13137
523,471.0,182.27381
524,510.0,160.76327
525,623.0,234.1082
526,661.0,276.60705
527,671.0,304.34088
528,724.0,364.17166
529,739.0,413.84069
530,746.0,426.90228
531,765.0,455.33697
532,761.0,452.04605
533,774.0,453.30163
534,771.0,460.06451
535,760.0,421.91253
536,745.0,397.77133
537,719.0,350.90234
538,698.0,315.91598
539,699.0,297.21597
540,731.0,344.40173
541,718.0,335.96206
542,678.0,293.56182
543,631.0,232.58689
544,643.0,231.36962
545,698.0,284.72647
546,719.0,325.45571
547,745.0,378.60366
548,757.0,413.96023
549,732.0,373.83786
550,663.0,286.85348
551,729.0,306.14648
552,733.0,341.46124
553,759.0,397.51373
554,766.0,429.45172
555,737.0,383.77331
556,751.0,382.40866
557,728.0,357.04672
558,708.0,299.68762
559,661.0,262.54174
560,669.0,256.10958
561,650.0,251.84739
562,594.0,201.39041
563,517.0,167.60855
564,405.0,128.95875
565,393.0,95.3962
566,164.0,56.90305
567,27.0,37.14242
568,330.0,81.79502
569,418.0,129.15254
570,271.0,99.51217
571,366.0,91.51578
572,405.0,142.65739
573,501.0,189.34535
574,582.0,234.95645
575,625.0,271.36318
576,613.0,262.74829
577,607.0,241.54875
578,664.0,296.09848
579,704.0,346.43826
580,720.0,370.62933
581,729.0,393.02642
582,729.0,403.94009
583,734.0,413.56802
584,759.0,454.621
585,762.0,477.7828
586,769.0,485.53088
587,777.0,506.54589
588,741.0,447.23501
589,740.0,398.90158
590,754.0,420.28213
591,731.0,384.9082
592,760.0,415.26684
593,750.0,424.85763
594,705.0,344.84384
595,697.0,302.95187
596,715.0,319.44595
597,688.0,297.30416
598,733.0,337.60058
599,757.0,417.15948
600,752.0,424.25308
601,752.0,409.84191
602,768.0,442.57711
603,743.0,408.91708
604,743.0,374.10128
605,749.0,390.78799
606,707.0,330.42807
607,700.0,290.12933
608,742.0,353.19183
609,723.0,350.64474
610,656.0,279.97573
611,632.0,237.18211
612,514.0,186.13798
613,355.0,101.20869
614,108.0,43.80782
615,0.0,6.554
616,0.0,11.87912
617,291.0,67.82716
618,575.0,128.97731
619,664.0,178.73455
620,598.0,155.86518
621,669.0,172.68882
622,688.0,201.45771
623,663.0,176.38937
624,709.0,208.79267
625,669.0,199.14154
626,618.0,157.9841
627,697.0,193.31512
628,716.0,226.68272
629,673.0,195.20774
630,730.0,236.91058
631,681.0,215.70176
632,735.0,225.82749
633,701.0,241.24124
634,676.0,196.26953
635,734.0,236.68199
636,728.0,228.51965
637,748.0,264.02938
638,719.0,224.13214
639,751.0,258.90731
640,767.0,316.30819
641,778.0,338.90023
642,798.0,398.30047
643,796.0,391.79058
644,801.0,376.78762
645,808.0,444.15759
646,814.0,493.01086
647,811.0,478.50805
648,821.0,508.52093
649,816.0,497.22433
650,810.0,454.62567
651,807.0,432.82849
652,792.0,357.75225
653,800.0,348.66394
654,778.0,325.76785
655,745.0,259.7463
656,664.0,219.88156
657,525.0,143.26661
658,563.0,137.7268
659,415.0,97.2865
660,264.0,60.4191
661,42.0,31.1373
662,0.0,7.45912
663,128.0,31.90897
664,546.0,109.01245
665,697.0,192.23593
666,767.0,277.764
667,801.0,373.12655
668,815.0,453.20068
669,827.0,515.40332
670,838.0,556.60021
671,844.0,594.33099
672,844.0,597.09857
673,831.0,525.01733
674,814.0,438.07937
675,795.0,346.87457
676,761.0,269.87783
677,636.0,190.83764
678,525.0,123.41083
679,450.0,90.23817
680,586.0,122.35833
681,680.0,183.43769
682,707.0,215.98954
683,619.0,170.31578
684,448.0,104.93245
685,194.0,54.87001
686,327.0,55.03595
687,519.0,108.91846
688,660.0,177.73196
689,728.0,238.18238
690,767.0,300.92929
691,794.0,366.52844
692,801.0,418.72256
693,801.0,398.11364
694,755.0,301.94
695,668.0,214.28257
696,595.0,159.45318
697,639.0,161.17871
698,686.0,189.97778
699,556.0,151.72715
700,367.0,92.92453
701,385.0,79.3628
702,592.0,125.4868
703,680.0,194.59854
704,741.0,246.86109
705,771.0,291.73187
706,780.0,316.94757
707,724.0,256.78262
708,635.0,181.54159
709,549.0,127.01622
710,569.0,119.35636
711,680.0,177.91763
712,755.0,250.72526
713,783.0,327.94363
714,804.0,400.77099
715,795.0,386.0419
716,768.0,314.55712
717,701.0,236.63789
718,581.0,161.83665
719,586.0,135.98851
720,685.0,179.05599
721,573.0,143.4952
722,303.0,75.35823
723,348.0,65.14894
724,609.0,143.24456
725,707.0,227.097
726,731.0,258.70889
727,599.0,191.53504
728,359.0,103.41347
729,114.0,52.36701
730,315.0,61.86729
731,510.0,123.8599
732,643.0,188.74194
733,694.0,235.17228
734,560.0,190.7947
735,337.0,97.47681
736,133.0,52.15233
737,323.0,71.53932
738,514.0,132.9842
739,620.0,187.15914
740,668.0,232.93153
741,706.0,274.04257
742,743.0,329.81884
743,765.0,373.10913
744,744.0,324.81863
745,681.0,247.77899
746,682.0,222.91603
747,745.0,285.69424
748,775.0,372.4999
749,788.0,445.71371
750,796.0,492.64187
751,789.0,452.76202
752,748.0,327.46206
753,664.0,220.34339
754,739.0,250.47462
755,775.0,337.05401
756,797.0,427.86541
757,805.0,503.68316
758,804.0,505.2973
759,789.0,422.98474
760,748.0,310.90301
761,567.0,193.85702
762,565.0,152.05207
763,699.0,214.05514
764,764.0,292.53604
765,746.0,286.17233
766,632.0,195.33888
767,659.0,181.49401
768,696.0,223.10865
769,657.0,192.56781
770,462.0,132.44346
771,359.0,91.45893
772,570.0,134.90817
773,663.0,196.62577
774,533.0,157.76478
775,296.0,75.58451
776,1.0,33.06938
777,0.0,14.53414
778,0.0,29.53013
779,220.0,90.90309
780,381.0,159.3731
781,279.0,136.41554
782,136.0,81.97721
783,303.0,112.36952
784,385.0,192.34733
785,548.0,268.14999
786,625.0,342.13314
787,678.0,410.72036
788,676.0,413.16302
789,558.0,288.36434
790,340.0,148.09507
791,29.0,44.48202
792,0.0,28.0773
793,192.0,78.72457
794,0.0,35.22078
795,0.0,10.81735
796,265.0,85.90636
797,370.0,172.08772
798,457.0,275.64392
799,551.0,376.15985
800,581.0,449.83547
801,584.0,456.45678
802,528.0,371.97192
803,454.0,296.59051
804,466.0,274.65875
805,505.0,304.25848
806,552.0,341.95095
807,577.0,368.31549
808,579.0,365.87863
809,587.0,371.25479
810,599.0,396.85693
811,604.0,399.54211
812,568.0,345.69558
813,583.0,338.58111
814,532.0,316.1585
815,398.0,247.8811
816,507.0,275.99322
817,527.0,306.70349
818,580.0,332.39031
819,599.0,386.24847
820,546.0,329.37442
821,545.0,294.65609
822,497.0,287.10183
823,360.0,216.53958
824,453.0,244.1295
825,441.0,257.69818
826,524.0,282.38012
827,594.0,354.36965
828,485.0,294.50988
829,523.0,275.06604
830,403.0,248.5437
831,360.0,174.66616
832,446.0,234.31822
833,438.0,253.27236
834,438.0,237.24942
835,505.0,278.9801
836,542.0,301.48626
837,452.0,260.83245
838,448.0,250.10212
839,373.0,195.35395
840,391.0,174.67892
841,352.0,144.05801
842,369.0,134.86175
843,402.0,197.93354
844,423.0,235.11195
845,406.0,185.51367
846,365.0,142.07371
847,255.0,106.42706
848,275.0,89.24254
849,431.0,156.89099
850,406.0,207.60209
851,409.0,204.35643
852,350.0,144.4537
853,258.0,98.33203
854,150.0,64.67897
855,136.0,57.95322
856,258.0,102.15675
857,393.0,151.98013
858,400.0,209.26844
859,431.0,270.71102
860,529.0,327.61871
861,582.0,374.65249
862,611.0,426.41491
863,636.0,476.84286
864,652.0,517.43634
865,680.0,541.29559
866,628.0,477.21652
867,596.0,391.64785
868,605.0,376.76211
869,628.0,416.06985
870,596.0,379.00402
871,576.0,324.85809
872,592.0,330.10546
873,457.0,273.40548
874,371.0,195.44331
875,374.0,152.77734
876,369.0,119.80195
877,428.0,147.51951
878,395.0,203.25054
879,512.0,273.48672
880,572.0,338.41867
881,570.0,339.77169
882,492.0,273.77682
883,424.0,228.0404
884,406.0,178.79374
885,390.0,131.90386
886,266.0,89.63824
887,291.0,85.47004
888,261.0,88.00206
889,121.0,55.398
890,290.0,97.86439
891,426.0,157.18341
892,433.0,221.63377
893,526.0,288.37826
894,492.0,289.88681
895,424.0,230.51904
896,411.0,194.12741
897,406.0,158.17672
898,279.0,101.84228
899,349.0,105.34207
900,400.0,135.46981
901,279.0,111.7928
902,79.0,63.28531
903,13.0,26.82869
904,0.0,22.69415
905,137.0,63.04047
906,231.0,108.25354
907,345.0,148.98162
908,320.0,151.65405
909,204.0,97.12637
910,0.0,40.11191
911,0.0,4.35966
912,3.0,20.57988
913,108.0,61.25575
914,224.0,103.87068
915,353.0,146.64921
916,405.0,178.86453
917,344.0,151.58908
918,386.0,155.28846
919,411.0,219.15979
920,504.0,294.06198
921,592.0,371.44393
922,630.0,427.46508
923,637.0,457.0718
924,679.0,502.1665
925,672.0,498.74099
926,646.0,440.02304
927,624.0,402.44546
928,528.0,310.78463
929,483.0,255.28569
930,584.0,311.70135
931,630.0,397.54391
932,629.0,404.24063
933,589.0,343.45599
934,527.0,279.99313
935,384.0,200.70578
936,384.0,153.21481
937,401.0,184.28364
938,380.0,146.90333
939,423.0,159.04122
940,443.0,227.57508
941,526.0,279.67404
942,558.0,309.72634
943,466.0,252.99504
944,427.0,207.82489
945,379.0,139.73431
946,327.0,96.6332
947,429.0,137.63397
948,301.0,117.19103
949,268.0,72.10675
950,78.0,38.60802
951,136.0,35.04904
952,371.0,85.38649
953,421.0,104.77812
954,174.0,66.73406
955,274.0,72.21003
956,438.0,112.04113
957,354.0,93.72637
958,440.0,112.59812
959,448.0,137.03868
960,455.0,164.75973
961,572.0,217.86824
962,632.0,275.41766
963,656.0,329.55661
964,696.0,381.53604
965,665.0,354.50543
966,633.0,279.59744
967,477.0,199.61614
968,359.0,101.74597
969,407.0,93.27497
970,452.0,153.00593
971,427.0,143.22135
972,407.0,99.28473
973,418.0,95.0121
974,433.0,102.27743
975,441.0,106.716
976,450.0,130.89083
977,444.0,156.80163
978,486.0,181.00315
979,578.0,226.9264
980,653.0,286.71774
981,668.0,332.88235
982,666.0,333.17825
983,657.0,301.05691
984,644.0,273.58767
985,522.0,205.00741
986,650.0,252.71885
987,667.0,286.35684
988,693.0,339.28201
989,698.0,358.36959
990,636.0,278.54495
991,617.0,224.19944
992,413.0,172.95108
993,418.0,128.4528
994,480.0,157.2368
995,623.0,220.62886
996,684.0,301.70907
997,693.0,322.962
998,709.0,334.09381
999,727.0,379.61557
1000,681.0,331.48056
1001,652.0,252.42179
1002,514.0,190.81559
1003,512.0,165.72171
1004,595.0,201.80932
1005,459.0,160.09255
1006,530.0,171.85217
1007,616.0,221.63842
1008,654.0,263.60003
1009,688.0,311.84408
1010,711.0,350.62734
1011,714.0,365.90066
1012,743.0,416.10235
1013,732.0,403.81939
1014,690.0,323.78704
1015,612.0,247.02819
1016,635.0,215.53117
1017,680.0,280.99807
1018,705.0,313.40484
1019,726.0,345.51455
1020,689.0,315.58758
1021,677.0,270.05886
1022,628.0,232.1262
1023,446.0,162.6385
1024,432.0,118.9943
1025,428.0,98.68712
1026,512.0,151.11795
1027,612.0,210.33485
1028,446.0,175.5121
1029,456.0,140.14743
1030,456.0,122.71807
1031,503.0,159.84307
1032,579.0,206.08195
1033,676.0,270.50796
1034,725.0,357.13143
1035,752.0,425.1141
1036,721.0,378.78701
1037,677.0,295.05178
1038,650.0,246.0082
1039,547.0,192.05491
1040,429.0,144.64053
1041,463.0,110.76583
1042,394.0,84.40595
1043,371.0,70.49842
1044,437.0,91.17114
1045,471.0,117.31287
1046,464.0,143.81317
1047,489.0,157.52922
1048,608.0,205.9752
1049,663.0,259.89715
1050,679.0,293.41561
1051,691.0,315.14431
1052,736.0,382.46435
1053,739.0,410.94665
1054,722.0,367.90701
1055,693.0,317.0729
1056,681.0,280.26699
1057,629.0,236.47195
1058,628.0,209.5597
1059,627.0,205.52728
1060,521.0,175.38793
1061,543.0,175.32875
1062,627.0,203.15423
1063,637.0,227.14573
1064,638.0,221.08955
1065,662.0,235.86157
1066,684.0,276.34481
1067,674.0,270.74932
1068,687.0,267.40383
1069,715.0,314.93194
1070,689.0,299.46136
1071,675.0,266.64495
1072,585.0,206.81533
1073,447.0,142.10156
1074,411.0,88.3908
1075,56.0,24.2491
1076,404.0,18.63619
1077,430.0,58.56244
1078,567.0,116.88236
1079,610.0,159.17584
1080,687.0,204.85308
1081,766.0,290.63644
1082,795.0,378.85665
1083,812.0,447.15029
1084,809.0,439.5902
1085,760.0,300.69024
1086,657.0,196.8683
1087,419.0,102.78569
1088,522.0,84.80629
1089,463.0,93.98746
1090,244.0,58.58913
1091,492.0,85.98759
1092,655.0,159.50888
1093,658.0,183.20214
1094,509.0,128.2416
1095,435.0,85.62786
1096,580.0,117.68537
1097,656.0,158.67222
1098,671.0,183.47947
1099,691.0,202.19573
1100,693.0,210.31048
1101,725.0,228.79119
1102,735.0,247.24287
1103,740.0,256.86267
1104,699.0,215.09022
1105,635.0,164.34082
1106,540.0,116.35205
1107,649.0,137.49124
1108,441.0,106.63941
1109,84.0,43.40748
1110,289.0,58.59261
1111,297.0,67.20983
1112,471.0,103.50514
1113,356.0,92.1482
1114,364.0,71.58225
1115,468.0,102.86808
1116,523.0,126.26544
1117,595.0,156.95018
1118,601.0,162.11167
1119,546.0,129.74667
1120,386.0,104.58897
1121,156.0,48.94844
1122,383.0,76.87256
1123,450.0,104.9603
1124,295.0,66.26061
1125,482.0,89.98868
1126,504.0,114.97464
1127,579.0,143.47315
1128,621.0,173.99659
1129,506.0,138.93363
1130,599.0,141.49581
1131,418.0,120.96469
1132,429.0,84.77728
1133,607.0,145.98661
1134,642.0,186.999
1135,645.0,191.44917
1136,691.0,229.62203
1137,725.0,270.72842
1138,664.0,216.16244
1139,631.0,166.93666
1140,420.0,117.93021
1141,517.0,100.82575
1142,656.0,176.05633
1143,676.0,208.52229
1144,678.0,208.15444
1145,696.0,230.46682
1146,734.0,273.7919
1147,740.0,285.44708
1148,744.0,286.50769
1149,677.0,230.98785
1150,652.0,172.57742
1151,460.0,111.20099
1152,636.0,140.00585
1153,704.0,215.39309
1154,743.0,259.89135
1155,774.0,319.85903
1156,802.0,410.89559
1157,803.0,422.13647
1158,804.0,418.56008
1159,779.0,360.80645
1160,726.0,256.4902
1161,723.0,228.4129
1162,775.0,272.06985
1163,798.0,361.63265
1164,791.0,354.53097
1165,799.0,359.51144
1166,811.0,436.60565
1167,815.0,484.43777
1168,814.0,449.94223
1169,788.0,361.66516
1170,766.0,274.83743
1171,793.0,311.2662
1172,776.0,299.79556
1173,786.0,288.79022
1174,811.0,373.5733
1175,814.0,402.12985
1176,818.0,436.53253
1177,822.0,482.11926
1178,822.0,477.41845
1179,813.0,406.83413
1180,814.0,388.69229
1181,820.0,403.98187
1182,825.0,479.52807
1183,826.0,500.24371
1184,827.0,523.49835
1185,826.0,505.99819
1186,818.0,440.2145
1187,818.0,409.97189
1188,787.0,334.73318
1189,791.0,302.33569
1190,818.0,377.10559
1191,817.0,409.54718
1192,819.0,400.62826
1193,825.0,436.34802
1194,829.0,482.1007
1195,826.0,465.72033
1196,811.0,394.6336
1197,802.0,340.84509
1198,790.0,309.1531
1199,810.0,337.25244
1200,807.0,362.21984
1201,790.0,307.77801
1202,774.0,271.3655
1203,775.0,261.9302
1204,699.0,220.01849
1205,762.0,236.44061
1206,793.0,298.51446
1207,797.0,318.00009
1208,783.0,299.48455
1209,764.0,249.95707
1210,773.0,253.46035
1211,690.0,217.9866
1212,666.0,164.83863
1213,695.0,184.6573
1214,774.0,254.66719
1215,790.0,296.53826
1216,756.0,263.11032
1217,758.0,238.19747
1218,747.0,245.6009
1219,591.0,162.02464
1220,487.0,106.67771
1221,99.0,47.76134
1222,331.0,51.1126
1223,504.0,99.00043
1224,662.0,164.54273
1225,677.0,183.4992
1226,512.0,132.51657
1227,297.0,70.42184
1228,400.0,67.85733
1229,649.0,142.76531
1230,745.0,238.96682
1231,723.0,246.41203
1232,580.0,158.39024
1233,503.0,105.36644
1234,632.0,139.20748
1235,712.0,207.47677
1236,777.0,279.92236
1237,769.0,288.02319
1238,710.0,225.23568
1239,668.0,171.05612
1240,684.0,167.32772
1241,738.0,217.42149
1242,782.0,280.70678
1243,801.0,347.58822
1244,803.0,367.56933
1245,785.0,316.64007
1246,731.0,246.48048
1247,714.0,205.71063
1248,746.0,228.29801
1249,785.0,278.40454
1250,800.0,328.51223
1251,812.0,386.61282
1252,821.0,437.92037
1253,821.0,434.65963
1254,803.0,365.64886
1255,777.0,294.75009
1256,772.0,260.81735
1257,798.0,305.7705
1258,817.0,373.95971
1259,824.0,421.28125
1260,827.0,463.42041
1261,827.0,497.61422
1262,828.0,506.06085
1263,827.0,480.5527
1264,817.0,406.276
1265,785.0,306.61297
1266,759.0,246.31571
1267,783.0,261.72711
1268,804.0,326.6846
1269,823.0,396.07946
1270,824.0,420.21484
1271,808.0,366.272
1272,720.0,250.40615
1273,679.0,175.36705
1274,716.0,195.69512
1275,790.0,274.04025
1276,806.0,344.32281
1277,815.0,372.72735
1278,791.0,323.26834
1279,701.0,213.29042
1280,621.0,145.59555
1281,682.0,160.70526
1282,750.0,217.92974
1283,790.0,288.13806
1284,799.0,322.53265
1285,766.0,267.9678
1286,683.0,183.75566
1287,569.0,129.33123
1288,497.0,102.46194
1289,555.0,107.63388
1290,678.0,158.8811
1291,694.0,187.94473
1292,589.0,148.68688
1293,415.0,87.76069
1294,432.0,78.57952
1295,520.0,104.02037
1296,648.0,145.68142
1297,687.0,186.70077
1298,728.0,221.80319
1299,773.0,262.29571
1300,795.0,302.56546
1301,799.0,334.89218
1302,809.0,372.41986
1303,816.0,394.29705
1304,820.0,416.51196
1305,825.0,454.45507
1306,826.0,485.39511
1307,828.0,498.73867
1308,829.0,511.41613
1309,829.0,499.72384
1310,825.0,447.0122
1311,816.0,382.15106
1312,796.0,326.17169
1313,766.0,265.68295
1314,719.0,214.96954
1315,676.0,171.85449
1316,578.0,134.4382
1317,543.0,107.43662
1318,579.0,113.33731
1319,674.0,152.49188
1320,711.0,198.08905
1321,767.0,246.51414
1322,795.0,304.87002
1323,812.0,364.88995
1324,825.0,416.70574
1325,827.0,458.96328
1326,830.0,492.48171
1327,834.0,530.30877
1328,838.0,560.96105
1329,838.0,557.83258
1330,828.0,504.17752
1331,819.0,412.37512
1332,787.0,313.55221
1333,729.0,233.79721
1334,635.0,160.6159
1335,437.0,94.48411
1336,333.0,61.33698
1337,99.0,37.1343
1338,85.0,25.71702
1339,298.0,50.23417
1340,458.0,87.15496
1341,590.0,130.20271
1342,687.0,178.81579
1343,746.0,229.55822
1344,770.0,260.5783
1345,772.0,261.33721
1346,738.0,235.77337
1347,700.0,198.19929
1348,661.0,161.34001
1349,526.0,124.37397
1350,468.0,97.23661
1351,546.0,111.72782
1352,649.0,148.37705
1353,698.0,182.1044
1354,733.0,220.35385
1355,776.0,264.85095
1356,794.0,313.33639
1357,808.0,357.46215
1358,821.0,396.96136
1359,825.0,424.23333
1360,819.0,401.08547
1361,801.0,334.64849
1362,780.0,275.03121
1363,730.0,225.80081
1364,691.0,182.77627
1365,661.0,151.66914
1366,568.0,126.501
1367,639.0,134.45793
1368,703.0,168.56007
1369,725.0,201.10031
1370,759.0,230.22778
1371,781.0,262.79934
1372,805.0,310.38082
1373,813.0,351.78195
1374,822.0,380.3385
1375,825.0,399.19631
1376,820.0,380.06927
1377,794.0,308.20968
1378,714.0,206.92674
1379,647.0,147.29672
1380,529.0,112.74549
1381,420.0,88.08445
1382,378.0,71.24689
1383,419.0,71.73542
1384,578.0,114.29
1385,666.0,153.5989
1386,704.0,188.95082
1387,746.0,224.88061
1388,778.0,257.0588
1389,796.0,291.41043
1390,807.0,330.38629
1391,816.0,368.3619
1392,823.0,399.57693
1393,827.0,420.36337
1394,830.0,437.47015
1395,832.0,458.303
1396,833.0,454.35296
1397,817.0,386.58615
1398,776.0,284.09637
1399,762.0,233.93644
1400,773.0,241.64738
1401,680.0,186.58706
1402,527.0,120.26612
1403,406.0,80.4826
1404,169.0,50.44421
1405,1.0,19.93818
1406,0.0,-0.803
1407,0.0,3.02751
1408,0.0,21.59756
1409,142.0,45.57977
1410,232.0,78.45768
1411,352.0,118.08918
1412,400.0,169.95837
1413,528.0,225.11732
1414,597.0,258.30044
1415,660.0,326.07305
1416,721.0,388.89767
1417,737.0,413.90454
1418,750.0,437.20904
1419,776.0,468.70492
1420,838.0,489.01559
1421,837.0,472.3695
1422,834.0,442.70593
1423,821.0,403.37149
1424,805.0,338.63333
1425,800.0,308.9953
1426,765.0,264.07696
1427,748.0,229.60116
1428,765.0,239.53427
1429,745.0,232.56948
1430,761.0,229.94812
1431,790.0,273.19778
1432,801.0,300.56954
1433,818.0,351.71115
1434,824.0,383.99261
1435,828.0,404.6607
1436,833.0,429.45867
1437,833.0,427.36181
1438,829.0,408.76739
1439,818.0,355.48367
1440,795.0,298.65255
1441,742.0,231.49263
1442,714.0,190.48719
1443,661.0,162.29966
1444,565.0,134.04483
1445,498.0,110.24597
1446,444.0,91.06555
1447,411.0,73.29965
1448,396.0,64.58962
1449,444.0,83.22349
1450,535.0,121.43697
1451,680.0,170.16145
1452,707.0,205.94502
1453,736.0,239.66075
1454,782.0,285.14886
1455,803.0,326.8366
1456,811.0,359.45458
1457,822.0,398.36663
1458,832.0,427.73663
1459,833.0,436.55111
1460,831.0,418.6831
1461,815.0,364.47335
1462,793.0,302.35076
1463,735.0,241.18089
1464,701.0,185.72952
1465,584.0,143.10879
1466,466.0,106.41197
1467,519.0,103.60146
1468,445.0,94.1093
1469,452.0,82.71755
1470,648.0,142.45083
1471,708.0,195.90863
1472,728.0,221.77302
1473,738.0,239.61085
1474,741.0,246.31571
1475,776.0,274.15048
1476,813.0,343.60568
1477,819.0,387.135
1478,803.0,340.83578
1479,770.0,274.56823
1480,704.0,203.42462
1481,706.0,170.20671
1482,731.0,207.77383
1483,617.0,154.31372
1484,508.0,114.36195
1485,448.0,85.3308
1486,183.0,49.24434
1487,26.0,17.18452
1488,0.0,7.95577
1489,457.0,49.39171
1490,588.0,101.70999
1491,634.0,135.59049
1492,703.0,167.86962
1493,784.0,225.99923
1494,820.0,301.77984
1495,814.0,318.29714
1496,799.0,252.45196
1497,829.0,304.01828
1498,841.0,393.7308
1499,851.0,442.27075
1500,851.0,442.475
1501,840.0,384.80606
1502,825.0,330.4768
1503,811.0,272.26712
1504,792.0,220.96769
1505,820.0,256.88937
1506,831.0,308.81542
1507,814.0,269.32202
1508,794.0,223.01118
1509,750.0,187.25662
1510,628.0,136.07206
1511,548.0,98.00131
1512,628.0,105.61941
1513,722.0,147.24566
1514,770.0,193.51818
1515,811.0,246.51994
1516,832.0,314.89016
1517,841.0,368.35491
1518,844.0,388.64123
1519,847.0,400.70254
1520,839.0,365.16845
1521,816.0,301.21008
1522,801.0,242.82287
1523,751.0,190.64965
1524,643.0,137.40769
1525,552.0,98.78343
1526,489.0,72.76007
1527,279.0,47.57915
1528,263.0,41.3083
1529,362.0,57.89868
1530,588.0,120.27888
1531,722.0,194.43492
1532,745.0,226.46804
1533,627.0,171.13618
1534,519.0,113.48236
1535,636.0,132.72776
1536,744.0,197.37771
1537,775.0,247.61537
1538,803.0,315.50634
1539,820.0,377.74496
1540,830.0,422.62036
1541,841.0,456.93023
1542,846.0,471.0675
1543,845.0,459.99255
1544,846.0,454.69412
1545,847.0,467.37857
1546,847.0,464.08416
1547,830.0,412.22656
1548,807.0,330.32943
1549,800.0,283.74011
1550,808.0,292.7565
1551,819.0,326.3063
1552,835.0,382.5978
1553,850.0,444.22488
1554,848.0,452.13308
1555,824.0,381.24478
1556,807.0,305.66143
1557,777.0,243.69667
1558,726.0,192.73722
1559,747.0,192.39027
1560,785.0,229.8077
1561,809.0,280.50024
1562,825.0,332.21511
1563,832.0,360.88537
1564,823.0,344.62686
1565,811.0,294.73385
1566,788.0,245.67749
1567,714.0,186.73675
1568,547.0,121.12714
1569,452.0,75.82471
1570,447.0,65.02709
1571,536.0,91.68521
1572,686.0,150.28709
1573,778.0,218.94511
1574,814.0,295.68307
1575,847.0,413.86276
1576,858.0,497.32296
1577,852.0,471.03967
1578,828.0,387.6781
1579,801.0,293.83917
1580,758.0,215.09834
1581,627.0,148.47685
1582,512.0,102.99921
1583,514.0,86.3125
1584,625.0,113.4313
1585,678.0,152.25399
1586,583.0,126.20742
1587,493.0,84.73086
1588,664.0,121.39055
1589,765.0,197.5715
1590,802.0,261.76657
1591,812.0,292.50238
1592,809.0,291.40115
1593,799.0,261.38595
1594,755.0,207.86666
1595,663.0,149.16149
1596,610.0,119.7741
1597,554.0,99.71292
1598,502.0,82.55741
1599,514.0,79.51946
1600,549.0,89.56977
1601,597.0,105.18542
1602,645.0,122.42332
1603,695.0,149.38313
1604,747.0,180.32548
1605,771.0,211.91998
1606,802.0,251.83578
1607,813.0,291.98135
1608,815.0,301.80191
1609,784.0,247.37864
1610,642.0,152.19596
1611,524.0,90.5979
1612,554.0,88.12158
1613,646.0,118.34448
1614,706.0,152.18321
1615,741.0,167.7037
1616,750.0,174.07783
1617,767.0,194.65539
1618,776.0,214.66667
1619,794.0,232.8712
1620,800.0,250.60807
1621,791.0,244.5426
1622,776.0,213.17205
1623,775.0,202.19342
1624,786.0,210.57971
1625,789.0,219.04258
1626,791.0,223.27111
1627,793.0,229.73808
1628,802.0,242.42369
1629,818.0,284.98291
1630,825.0,329.17367
1631,831.0,360.94802
1632,832.0,370.23712
1633,819.0,331.10226
1634,808.0,273.86965
1635,779.0,222.32073
1636,720.0,175.78247
1637,715.0,164.33966
1638,721.0,165.20997
1639,770.0,192.32296
1640,780.0,215.49404
1641,802.0,240.52758
1642,807.0,252.8964
1643,808.0,258.53018
1644,807.0,248.59127
1645,785.0,222.19078
1646,752.0,185.1145
1647,696.0,155.75726
1648,688.0,145.62223
1649,688.0,147.81309
1650,729.0,167.67816
1651,774.0,193.51586
1652,802.0,239.23139
1653,820.0,287.86654
1654,824.0,309.76348
1655,821.0,306.20217
1656,810.0,278.62155
1657,800.0,245.2284
1658,778.0,212.3296
1659,740.0,177.37339
1660,700.0,152.96765
1661,714.0,154.27078
1662,766.0,178.45025
1663,790.0,218.15022
1664,808.0,259.00827
1665,821.0,290.76174
1666,826.0,320.4288
1667,829.0,335.12774
1668,829.0,349.00973
1669,838.0,360.43975
1670,824.0,332.08862
1671,811.0,280.27859
1672,755.0,205.87423
1673,734.0,168.71789
1674,806.0,228.22607
1675,828.0,307.69909
1676,838.0,368.69146
1677,844.0,415.77975
1678,851.0,441.4457
1679,850.0,441.64877
1680,840.0,402.80984
1681,822.0,329.94998
1682,796.0,249.71339
1683,784.0,211.59158
1684,789.0,211.65888
1685,760.0,191.32269
1686,677.0,147.58218
1687,500.0,92.93961
1688,512.0,76.69734
1689,637.0,108.69566
1690,759.0,174.70909
1691,805.0,243.29632
1692,806.0,265.70849
1693,775.0,226.79876
1694,683.0,158.54689
1695,550.0,102.6035
1696,560.0,87.73516
1697,506.0,79.14
1698,443.0,65.46224
1699,449.0,58.17834
1700,574.0,86.39373
1701,695.0,134.30476
1702,767.0,189.85012
1703,803.0,246.74971
1704,815.0,290.4786
1705,829.0,335.9551
1706,835.0,360.06033
1707,837.0,362.69445
1708,822.0,325.35012
1709,795.0,261.13531
1710,769.0,202.99295
1711,727.0,164.61932
1712,701.0,145.08381
1713,685.0,138.31977
1714,693.0,138.74449
1715,735.0,161.21932
1716,777.0,206.48461
1717,806.0,252.51463
1718,824.0,304.13549
1719,834.0,354.11206
1720,836.0,367.14694
1721,817.0,317.93508
1722,792.0,244.05059
1723,709.0,183.28337
1724,536.0,112.29874
1725,219.0,49.4068
1726,0.0,9.96096
1727,0.0,1.1813
1728,0.0,-7.76895
1729,0.0,-8.15188
1730,0.0,6.73154
1731,258.0,30.77409
1732,382.0,59.95377
1733,291.0,86.55271
1734,437.0,121.34878
1735,596.0,163.38813
1736,654.0,210.50544
1737,685.0,248.65626
1738,712.0,280.58959
1739,720.0,288.0754
1740,675.0,233.64518
1741,649.0,192.92987
1742,602.0,159.86048
1743,634.0,164.09829
1744,677.0,207.30851
1745,718.0,269.61096
1746,737.0,306.03042
1747,777.0,347.97811
1748,789.0,387.475
1749,793.0,404.85333
1750,800.0,422.28268
1751,797.0,408.12683
1752,796.0,397.617
1753,793.0,370.90319
1754,773.0,332.98098
1755,746.0,295.06573
1756,709.0,255.11395
1757,700.0,233.28894
1758,703.0,233.25297
1759,747.0,269.78268
1760,775.0,311.7536
1761,791.0,346.09362
1762,800.0,377.37829
1763,805.0,406.45004
1764,808.0,425.49588
1765,810.0,441.13937
1766,811.0,448.44067
1767,811.0,442.34735
1768,796.0,381.9468
1769,779.0,326.63354
1770,803.0,350.23394
1771,812.0,412.34262
1772,814.0,452.14355
1773,814.0,467.48648
1774,816.0,472.8348
1775,820.0,489.96249
1776,825.0,527.59692
1777,827.0,544.20935
1778,828.0,544.91601
1779,828.0,538.25299
1780,824.0,512.58581
1781,809.0,438.64562
1782,793.0,365.30072
1783,787.0,326.58013
1784,796.0,334.58813
1785,805.0,365.58618
1786,816.0,421.89859
1787,821.0,452.20968
1788,820.0,452.02517
1789,812.0,420.40283
1790,798.0,355.49874
1791,775.0,303.4613
1792,721.0,253.17025
1793,682.0,215.27008
1794,686.0,204.54673
1795,750.0,254.99209
1796,792.0,315.81967
1797,780.0,314.87277
1798,761.0,282.27566
1799,738.0,260.20349
1800,778.0,280.37142
1801,789.0,312.75036
1802,738.0,271.23901
1803,704.0,230.96696
1804,676.0,192.53068
1805,666.0,169.21687
1806,694.0,201.88822
1807,736.0,253.48588
1808,765.0,288.18563
1809,772.0,298.53533
1810,727.0,257.94418
1811,705.0,233.17173
1812,696.0,207.65431
1813,670.0,179.82998
1814,623.0,150.75358
1815,571.0,132.91923
1816,519.0,121.93827
1817,590.0,131.79246
1818,629.0,155.17938
1819,675.0,180.61674
1820,692.0,209.6038
1821,729.0,246.57563
1822,750.0,272.87402
1823,754.0,282.0227
1824,756.0,281.09439
1825,742.0,267.77401
1826,741.0,253.26889
1827,709.0,231.66784
1828,675.0,187.36917
1829,628.0,151.92327
1830,511.0,127.69506
1831,424.0,104.07723
1832,427.0,94.86241
1833,439.0,95.34978
1834,449.0,101.37347
1835,540.0,119.07553
1836,624.0,148.912
1837,679.0,180.5007
1838,694.0,197.13635
1839,643.0,171.25572
1840,484.0,127.32605
1841,399.0,83.13762
1842,371.0,61.9636
1843,303.0,47.28789
1844,396.0,53.74557
1845,478.0,72.1288
1846,569.0,97.76808
1847,655.0,126.06584
1848,709.0,154.56436
1849,744.0,178.55702
1850,778.0,205.25573
1851,803.0,243.84056
1852,807.0,264.02938
1853,813.0,279.53942
1854,819.0,295.28967
1855,819.0,300.62292
1856,814.0,286.80474
1857,772.0,217.41452
1858,726.0,164.66921
1859,681.0,134.15855
1860,651.0,119.28673
1861,702.0,129.91493
1862,746.0,163.55406
1863,787.0,202.17601
1864,812.0,250.15899
1865,820.0,282.16659
1866,825.0,308.92913
1867,826.0,317.80627
1868,825.0,310.06518
1869,818.0,282.74563
1870,799.0,242.59426
1871,782.0,208.824
1872,738.0,174.48513
1873,695.0,142.01104
1874,721.0,144.73684
1875,779.0,184.74896
1876,757.0,188.61546
1877,700.0,146.95787
1878,641.0,117.10284
1879,596.0,103.00269
1880,530.0,90.0409
1881,498.0,75.41161
1882,509.0,71.70642
1883,543.0,82.94847
1884,597.0,101.19593
1885,609.0,108.00638
1886,549.0,94.01067
1887,512.0,75.17952
1888,464.0,61.38688
1889,465.0,58.75971
1890,472.0,58.5021
1891,512.0,69.24286
1892,550.0,86.39373
1893,601.0,104.05866
1894,628.0,114.03703
1895,640.0,118.11936
1896,603.0,111.18706
1897,540.0,92.4708
1898,497.0,70.38819
1899,456.0,58.85718
1900,416.0,52.94605
1901,399.0,50.7053
1902,401.0,50.36066
1903,388.0,49.53909
1904,338.0,48.05957
1905,296.0,46.92236
1906,294.0,45.60994
1907,285.0,42.69847
1908,272.0,39.21607
1909,229.0,34.15436
1910,230.0,33.07286
1911,286.0,47.07205
1912,272.0,53.21759
1913,266.0,39.87403
1914,85.0,27.81852
1915,115.0,26.56528
1916,223.0,33.19122
1917,274.0,44.5911
1918,270.0,43.90877
1919,233.0,36.41716
1920,218.0,33.37689
1921,147.0,28.59136
1922,224.0,34.64057
1923,275.0,47.29718
1924,298.0,53.83609
1925,287.0,52.77199
1926,282.0,43.56877
1927,247.0,36.03655
1928,122.0,29.28064
1929,85.0,23.58186
1930,144.0,27.10487
1931,246.0,37.14474
1932,66.0,26.85886
1933,46.0,21.89231
1934,159.0,31.32993
1935,267.0,48.24523
1936,339.0,63.59746
1937,449.0,85.53154
1938,504.0,110.57437
1939,585.0,130.4255
1940,621.0,147.92681
1941,499.0,121.59595
1942,484.0,92.6936
1943,658.0,133.75588
1944,728.0,186.38398
1945,753.0,204.54673
1946,753.0,204.65812
1947,684.0,173.02882
1948,617.0,134.92674
1949,531.0,106.52686
1950,417.0,76.27495
1951,405.0,56.8253
1952,297.0,43.55253
1953,314.0,42.06256
1954,407.0,61.72804
1955,366.0,61.3277
1956,305.0,42.64044
1957,197.0,33.61013
1958,52.0,24.94071
1959,59.0,19.66548
1960,99.0,25.69845
1961,232.0,37.26774
1962,169.0,35.09197
1963,67.0,19.42295
1964,66.0,16.5753
1965,26.0,15.9336
1966,227.0,34.97013
1967,97.0,33.13436
1968,0.0,15.95681
1969,0.0,3.54738
1970,0.0,10.61544
1971,0.0,22.60016
1972,0.0,30.94351
1973,0.0,28.33026
1974,0.0,26.76139
1975,167.0,66.59481
1976,219.0,85.09291
1977,88.0,67.87242
1978,0.0,43.09765
1979,100.0,56.70114
1980,223.0,78.93461
1981,279.0,93.825
1982,195.0,76.96887
1983,92.0,55.96892
1984,95.0,55.40032
1985,180.0,67.01139
1986,0.0,54.77486
1987,0.0,41.9941
1988,194.0,69.53413
1989,272.0,85.94813
1990,242.0,84.1495
1991,191.0,67.21099
1992,97.0,56.20797
1993,114.0,54.50216
1994,208.0,74.85461
1995,115.0,64.8774
1996,59.0,48.41001
1997,187.0,62.59719
1998,0.0,49.98236
1999,126.0,52.66987
2000,213.0,78.62826
2001,279.0,90.64547
2002,292.0,98.01757
2003,315.0,102.8646
2004,364.0,112.75014
2005,394.0,120.65602
2006,409.0,135.7042
2007,416.0,144.04988
2008,422.0,147.48934
2009,423.0,132.34599
2010,361.0,108.70843
2011,229.0,74.69099
2012,102.0,53.35336
2013,36.0,41.38836
2014,22.0,40.88359
2015,98.0,55.59063
2016,126.0,61.65842
2017,0.0,43.48987
2018,62.0,50.57765
2019,256.0,80.63694
2020,286.0,97.67292
2021,302.0,98.56644
2022,203.0,76.15195
2023,56.0,48.57595
2024,124.0,58.20387
2025,189.0,71.91529
2026,293.0,93.88766
2027,218.0,80.22035
2028,179.0,67.72389
2029,283.0,85.60697
2030,154.0,70.75836
2031,105.0,51.85063
2032,64.0,47.71028
2033,69.0,46.8597
2034,29.0,46.70769
2035,88.0,54.25732
2036,108.0,59.88067
2037,106.0,56.94018
2038,30.0,44.48318
2039,20.0,44.25226
2040,19.0,45.56468
2041,121.0,58.92565
2042,160.0,72.62314
2043,131.0,64.61399
2044,0.0,42.45014
2045,0.0,35.17204
2046,0.0,32.20023
2047,32.0,48.7883
2048,125.0,67.24696
2049,170.0,76.42929
2050,131.0,69.18484
2051,0.0,44.60734
2052,0.0,35.273
2053,26.0,51.35629
2054,180.0,75.64949
2055,128.0,69.26607
2056,128.0,61.10722
2057,181.0,74.6968
2058,258.0,91.46936
2059,257.0,93.06609
2060,113.0,65.58177
2061,6.0,43.86468
2062,91.0,55.08005
2063,209.0,78.35673
2064,267.0,98.04773
2065,274.0,100.39756
2066,271.0,93.58364
2067,142.0,67.36648
2068,103.0,53.64578
2069,0.0,43.2926
2070,56.0,49.85356
2071,129.0,68.99918
2072,240.0,85.80308
2073,302.0,102.02098
2074,270.0,91.40786
2075,320.0,100.60296
2076,306.0,106.64289
2077,171.0,77.27291
2078,191.0,72.463
2079,305.0,96.82118
2080,371.0,112.79539
2081,413.0,123.68817
2082,434.0,134.3767
2083,444.0,141.98551
2084,414.0,121.87792
2085,305.0,97.97347
2086,192.0,72.44328
2087,222.0,69.99829
2088,288.0,84.69605
2089,202.0,76.07652
2090,123.0,56.91117
2091,131.0,60.47712
2092,254.0,78.64335
2093,294.0,95.43565
2094,153.0,70.25474
2095,30.0,45.45792
2096,0.0,43.19396
2097,126.0,59.45595
2098,195.0,75.62512
2099,106.0,59.74258
2100,160.0,62.32681
2101,211.0,80.37816
2102,127.0,63.06831
2103,118.0,56.78353
2104,219.0,74.86389
2105,268.0,92.51721
2106,227.0,83.22581
2107,127.0,62.4092
2108,124.0,56.0339
2109,129.0,59.00223
2110,220.0,74.8198
2111,223.0,79.99755
2112,105.0,58.52995
2113,50.0,47.29833
2114,4.0,44.98215
2115,79.0,57.48094
2116,187.0,76.24014
2117,153.0,72.81809
2118,111.0,56.86824
2119,137.0,64.39234
2120,195.0,77.60826
2121,217.0,78.97522
2122,112.0,58.40578
2123,67.0,50.60783
2124,45.0,51.31103
2125,172.0,68.93419
2126,215.0,80.30622
2127,147.0,69.12798
2128,25.0,49.85588
2129,17.0,47.94816
2130,65.0,54.0554
2131,144.0,68.27972
2132,45.0,54.61124
2133,122.0,60.28565
2134,31.0,53.04005
2135,65.0,51.87383
2136,62.0,53.96141
2137,98.0,57.80933
2138,15.0,48.76857
2139,164.0,68.02095
2140,121.0,64.90409
2141,6.0,45.45212
2142,0.0,39.49689
2143,0.0,37.89321
2144,1.0,46.6485
2145,0.0,46.44891
2146,138.0,66.87098
2147,0.0,52.95185
2148,105.0,62.32217
2149,111.0,65.84983
2150,126.0,64.98532
2151,136.0,73.35188
2152,138.0,70.98
2153,125.0,69.43433
2154,130.0,63.62531
2155,146.0,78.2871
2156,110.0,59.72633
2157,205.0,75.94423
2158,104.0,64.1649
2159,215.0,77.51543
2160,246.0,89.66377
2161,206.0,80.74021
2162,278.0,97.44316
2163,392.0,119.54202
2164,426.0,130.44987
2165,418.0,144.25064
2166,488.0,174.59188
2167,512.0,196.7859
2168,575.0,220.11132
2169,625.0,240.74458
2170,617.0,237.99324
2171,460.0,173.30035
2172,301.0,99.51798
2173,264.0,73.75106
2174,359.0,93.022
2175,449.0,140.94462
2176,582.0,192.3218
2177,625.0,244.24786
2178,669.0,286.94168
2179,711.0,325.17605
2180,734.0,354.35458
2181,750.0,383.3544
2182,778.0,411.36553
2183,788.0,434.07943
2184,793.0,443.28961
2185,796.0,442.63165
2186,789.0,418.62741
2187,762.0,379.78961
2188,741.0,334.12515
2189,717.0,293.97726
2190,647.0,234.13256
2191,534.0,169.67407
2192,417.0,123.97943
2193,421.0,100.68418
2194,429.0,111.78468
2195,495.0,145.1894
2196,588.0,182.48384
2197,627.0,205.07356
2198,630.0,209.10018
2199,593.0,183.47599
2200,457.0,141.99247
2201,420.0,112.87778
2202,430.0,109.89089
2203,467.0,129.95903
2204,546.0,158.26608
2205,606.0,183.33558
2206,641.0,215.89207
2207,673.0,247.36007
2208,693.0,266.7575
2209,704.0,275.03704
2210,702.0,273.42523
2211,689.0,257.08663
2212,644.0,215.4279
2213,561.0,167.46929
2214,466.0,138.42538
2215,436.0,113.98017
2216,407.0,92.04145
2217,377.0,79.44751
2218,257.0,69.64205
2219,207.0,57.48558
2220,350.0,80.77038
2221,441.0,114.36311
2222,507.0,149.91459
2223,565.0,176.54022
2224,568.0,176.3325
2225,448.0,143.87118
2226,448.0,110.34461
2227,301.0,81.08021
2228,147.0,55.83199
2229,31.0,37.85027
2230,13.0,42.66946
2231,220.0,73.19406
2232,402.0,104.89648
2233,432.0,122.14134
2234,423.0,137.03172
2235,453.0,155.05174
2236,515.0,170.76138
2237,528.0,176.37544
2238,493.0,159.98233
2239,413.0,132.01643
2240,380.0,100.8304
2241,269.0,78.84526
2242,171.0,62.24442
2243,47.0,46.47328
2244,44.0,41.78406
2245,149.0,63.5905
2246,270.0,89.40267
2247,391.0,106.37136
2248,414.0,115.79389
2249,262.0,92.56944
2250,133.0,63.3062
2251,38.0,48.37403
2252,0.0,39.75334
2253,0.0,35.70815
2254,44.0,50.41984
2255,156.0,69.58518
2256,207.0,78.78608
2257,195.0,77.45509
2258,236.0,85.95394
2259,119.0,73.12444
2260,159.0,67.32819
2261,350.0,98.85654
2262,415.0,113.01007
2263,423.0,117.2827
2264,477.0,151.4916
2265,588.0,208.78919
2266,641.0,258.27606
2267,662.0,288.33532
2268,702.0,320.93707
2269,711.0,341.59237
2270,670.0,306.21029
2271,637.0,231.89645
2272,639.0,209.35662
2273,666.0,234.85549
2274,690.0,282.45785
2275,707.0,305.09863
2276,691.0,293.27288
2277,623.0,221.46551
2278,445.0,155.86286
2279,410.0,124.07575
2280,294.0,86.02704
2281,259.0,68.56054
2282,289.0,80.03468
2283,442.0,105.51265
2284,451.0,131.16004
2285,533.0,163.24772
2286,594.0,194.77143
2287,601.0,204.37615
2288,536.0,170.82752
2289,440.0,139.32005
2290,445.0,138.66674
2291,456.0,147.37446
2292,420.0,118.96298
2293,243.0,77.5514
2294,10.0,30.95395
2295,9.0,19.98575
2296,25.0,21.62773
2297,157.0,45.76659
2298,354.0,77.32048
2299,444.0,119.18926
2300,554.0,171.89045
2301,641.0,213.6014
2302,620.0,205.86148
2303,453.0,152.33406
2304,276.0,86.13148
2305,12.0,35.62577
2306,390.0,78.07939
2307,485.0,137.81732
2308,462.0,140.71022
2309,491.0,146.61671
2310,656.0,217.92279
2311,720.0,329.80493
2312,717.0,339.34118
2313,754.0,379.35562
2314,788.0,467.96109
2315,805.0,507.46032
2316,804.0,497.74652
2317,767.0,422.75729
2318,712.0,318.68472
2319,658.0,236.00198
2320,455.0,160.96751
2321,428.0,104.63539
2322,181.0,57.79309
2323,45.0,31.11989
2324,136.0,59.08462
2325,232.0,97.08343
2326,166.0,83.13878
2327,0.0,37.49054
2328,0.0,5.22069
2329,0.0,-10.80922
2330,0.0,-6.01093
2331,0.0,1.77543
2332,0.0,9.31578
2333,0.0,7.26533
2334,0.0,16.94664
2335,0.0,38.90625
2336,88.0,73.89379
2337,182.0,109.89553
2338,107.0,91.18042
2339,0.0,52.66639
2340,0.0,29.85156
2341,0.0,36.5889
2342,75.0,67.36183
2343,12.0,65.87535
2344,0.0,32.7874
2345,0.0,21.23087
2346,0.0,45.49621
2347,99.0,77.8299
2348,110.0,86.85209
2349,0.0,50.95479
2350,0.0,24.56705
2351,0.0,46.96298
2352,40.0,66.19679
2353,0.0,34.8831
2354,0.0,21.61033
2355,0.0,35.86829
2356,0.0,14.73373
2357,0.0,21.47108
2358,0.0,51.96202
2359,0.0,35.52829
2360,0.0,17.23558
2361,0.0,56.61411
2362,149.0,92.41626
2363,225.0,122.04154
2364,391.0,178.76356
2365,481.0,271.76815
2366,610.0,356.87384
2367,654.0,428.24951
2368,716.0,503.82125
2369,749.0,556.80792
2370,762.0,590.48303
2371,780.0,623.96783
2372,790.0,633.91259
2373,698.0,499.48248
2374,608.0,339.67074
2375,645.0,336.90084
2376,649.0,358.64926
2377,637.0,323.41107
2378,666.0,363.99179
2379,710.0,440.58352
2380,741.0,496.08016
2381,769.0,546.85162
2382,751.0,527.8847
2383,682.0,416.95642
2384,531.0,277.39151
2385,405.0,175.26493
2386,453.0,171.20465
2387,546.0,246.27278
2388,448.0,184.21401
2389,349.0,109.14822
2390,357.0,97.76924
2391,468.0,167.59693
2392,534.0,245.20288
2393,634.0,326.95263
2394,688.0,405.39639
2395,731.0,458.47009
2396,747.0,497.02706
2397,746.0,505.57232
2398,689.0,425.03286
2399,748.0,464.15145
2400,750.0,491.67523
2401,661.0,391.17092
2402,542.0,272.85546
2403,442.0,175.95422
2404,515.0,216.19145
2405,438.0,168.95462
2406,319.0,88.43953
2407,288.0,66.98703
2408,439.0,123.31219
2409,472.0,160.61706
2410,357.0,110.87723
2411,208.0,63.65432
2412,258.0,72.83201
2413,436.0,141.92982
2414,517.0,248.98117
2415,634.0,354.60986
2416,671.0,404.06307
2417,667.0,409.41488
2418,585.0,312.76083
2419,441.0,195.06849
2420,379.0,110.36085
2421,283.0,67.28293
2422,251.0,68.1602
2423,403.0,110.69621
2424,216.0,84.18199
2425,3.0,30.52924
2426,0.0,32.03313
2427,178.0,60.94244
2428,0.0,44.87888
2429,151.0,57.44496
2430,340.0,117.74338
2431,263.0,110.39798
2432,197.0,69.30785
2433,256.0,84.47325
2434,325.0,118.17273
2435,392.0,138.3105
2436,404.0,139.68325
2437,287.0,109.34317
2438,245.0,81.48635
2439,257.0,84.13441
2440,262.0,93.62077
2441,204.0,75.74929
2442,118.0,62.20497
2443,250.0,85.81584
2444,189.0,78.11885
2445,52.0,48.95308
2446,164.0,66.40914
2447,154.0,75.0101
2448,169.0,70.15843
2449,120.0,66.87098
2450,150.0,64.49214
2451,134.0,68.54081
2452,148.0,64.41091
2453,60.0,55.49896
2454,104.0,56.04087
2455,89.0,65.36361
2456,0.0,42.49888
2457,19.0,45.32215
2458,0.0,32.43579
2459,62.0,51.90284
2460,52.0,56.85083
2461,72.0,55.01623
2462,101.0,71.83986
2463,0.0,54.07049
2464,147.0,85.2426
2465,180.0,100.5577
2466,297.0,133.42053
2467,224.0,112.15601
2468,248.0,105.77027
2469,372.0,145.01303
2470,359.0,148.5279
2471,419.0,173.60322
2472,442.0,196.73368
2473,429.0,212.60926
2474,436.0,233.59877
2475,450.0,219.33964
2476,447.0,242.95051
2477,442.0,229.6905
2478,444.0,185.91053
2479,317.0,131.40257
2480,145.0,67.19589
2481,57.0,45.95226
2482,67.0,45.09471
2483,101.0,74.29297
2484,203.0,90.69538
2485,112.0,70.6017
2486,117.0,68.75085
2487,185.0,100.92091
2488,212.0,102.15559
2489,0.0,49.81178
2490,0.0,31.68269
2491,76.0,59.88299
2492,142.0,98.2508
2493,265.0,139.72851
2494,399.0,192.8672
2495,430.0,260.17797
2496,497.0,312.97549
2497,582.0,369.85534
2498,602.0,424.65225
2499,626.0,448.99652
2500,628.0,444.77261
2501,583.0,376.01828
2502,446.0,268.56658
2503,393.0,182.45947
2504,376.0,150.11071
2505,411.0,187.85423
2506,385.0,171.86376
2507,239.0,111.6988
2508,124.0,65.77091
2509,5.0,40.81048
2510,73.0,44.92646
2511,91.0,72.24485
2512,18.0,48.05724
2513,0.0,41.03908
2514,83.0,73.50737
2515,160.0,115.55369
2516,239.0,138.58551
2517,166.0,121.987
2518,66.0,80.75065
2519,34.0,69.13146
2520,163.0,112.52386
2521,299.0,170.6755
2522,337.0,191.69982
2523,251.0,131.47451
2524,167.0,77.96683
2525,187.0,94.67094
2526,362.0,152.11706
2527,394.0,176.13987
2528,290.0,138.85357
2529,321.0,124.21615
2530,429.0,172.67837
2531,307.0,134.46141
2532,201.0,78.17454
2533,101.0,56.63848
2534,350.0,115.8844
2535,430.0,169.79475
2536,443.0,177.62521
2537,231.0,106.67075
2538,235.0,84.57073
2539,421.0,148.99092
2540,423.0,162.93789
2541,246.0,104.67136
2542,406.0,122.82946
2543,289.0,127.61732
2544,177.0,76.25987
2545,401.0,134.90005
2546,294.0,133.08517
2547,244.0,106.40733
2548,382.0,146.41712
2549,221.0,105.87702
2550,218.0,83.87448
2551,374.0,130.96742
2552,243.0,100.54726
2553,308.0,108.26863
2554,95.0,74.90335
2555,197.0,66.68067
2556,244.0,96.55545
2557,382.0,128.69068
2558,433.0,150.61085
2559,455.0,189.24671
2560,467.0,194.38269
2561,394.0,140.98524
2562,325.0,117.50318
2563,282.0,96.34774
2564,288.0,93.39449
2565,409.0,132.22763
2566,452.0,175.33688
2567,493.0,208.27165
2568,496.0,254.9248
2569,489.0,255.20677
2570,499.0,239.31727
2571,488.0,184.87893
2572,383.0,128.01765
2573,442.0,134.74919
2574,448.0,152.77966
2575,399.0,116.50058
2576,457.0,147.55897
2577,425.0,132.58503
2578,283.0,93.79483
2579,360.0,108.72467
2580,426.0,130.61929
2581,404.0,124.461
2582,501.0,171.16172
2583,494.0,213.77432
2584,511.0,234.95181
2585,540.0,273.78726
2586,593.0,315.74539
2587,555.0,286.23382
2588,461.0,208.81356
2589,489.0,168.35816
2590,355.0,114.64857
2591,222.0,68.12306
2592,367.0,98.05122
2593,452.0,145.73248
2594,499.0,185.35354
2595,496.0,222.60388
2596,500.0,232.03686
2597,546.0,261.90582
2598,469.0,224.22613
2599,500.0,190.19477
2600,509.0,178.64172
2601,378.0,116.7083
2602,281.0,76.23201
2603,66.0,47.47008
2604,11.0,26.48869
2605,55.0,41.06925
2606,215.0,70.63883
2607,256.0,97.56036
2608,422.0,133.395
2609,480.0,180.38697
2610,500.0,223.72947
2611,535.0,247.40881
2612,547.0,252.15025
2613,573.0,257.10287
2614,463.0,202.04489
2615,487.0,174.30526
2616,461.0,149.79043
2617,401.0,110.17751
2618,287.0,78.98451
2619,20.0,43.63608
2620,0.0,27.89627
2621,0.0,23.45654
2622,248.0,79.0669
2623,435.0,180.84187
2624,553.0,267.62432
2625,634.0,340.44125
2626,663.0,400.61318
2627,666.0,411.03717
2628,559.0,294.49597
2629,416.0,156.50457
2630,399.0,98.95285
2631,482.0,144.84709
2632,462.0,140.20428
2633,468.0,163.74436
2634,581.0,253.58683
2635,664.0,354.8814
2636,717.0,438.82318
2637,682.0,421.84985
2638,679.0,365.98538
2639,731.0,433.16967
2640,739.0,472.97406
2641,740.0,469.6553
2642,750.0,498.87442
2643,741.0,467.4714
2644,746.0,471.21719
2645,726.0,433.06289
2646,651.0,332.19885
2647,518.0,230.07228
2648,431.0,140.59303
2649,287.0,81.49796
2650,107.0,40.51109
2651,59.0,21.38869
2652,78.0,43.90877
2653,14.0,50.35602
2654,0.0,16.65769
2655,0.0,32.88835
2656,129.0,70.14566
2657,210.0,88.14247
2658,0.0,53.75718
2659,90.0,53.29418
2660,64.0,54.96633
2661,7.0,39.59089
2662,164.0,73.13024
2663,208.0,105.78187
2664,387.0,139.21214
2665,397.0,150.47856
2666,222.0,101.90842
2667,220.0,79.87918
2668,0.0,50.77957
2669,73.0,45.2827
2670,188.0,88.85496
2671,177.0,87.28609
2672,96.0,55.08469
2673,180.0,74.93351
2674,213.0,95.81047
2675,216.0,92.27817
2676,363.0,121.44857
2677,123.0,82.42861
2678,84.0,52.5724
2679,210.0,95.90213
2680,262.0,115.65929
2681,114.0,78.21864
2682,188.0,78.3811
2683,200.0,100.8246
2684,205.0,89.12998
2685,341.0,121.78161
2686,210.0,108.06672
2687,57.0,54.96633
2688,60.0,44.6526
2689,9.0,45.29082
2690,0.0,38.58945
2691,148.0,79.28041
2692,124.0,88.06936
2693,0.0,38.0371
2694,0.0,4.15775
2695,0.0,6.25693
2696,0.0,21.01504
2697,0.0,46.11124
2698,141.0,78.76867
2699,118.0,76.26567
2700,169.0,79.19223
2701,366.0,140.87731
2702,358.0,145.37159
2703,376.0,135.28298
2704,462.0,208.26701
2705,522.0,256.84179
2706,472.0,242.82403
2707,447.0,187.02105
2708,402.0,146.99732
2709,213.0,80.97113
2710,420.0,113.38836
2711,483.0,170.80548
2712,437.0,149.06518
2713,286.0,101.05088
2714,90.0,57.3649
2715,263.0,77.27291
2716,309.0,103.63163
2717,261.0,84.67633
2718,45.0,48.11526
2719,0.0,17.7891
2720,0.0,26.34944
2721,0.0,24.83047
2722,0.0,13.24609
2723,108.0,50.47438
2724,222.0,90.56076
2725,374.0,119.93772
2726,458.0,157.25419
2727,425.0,150.95317
2728,224.0,84.67052
2729,110.0,52.63738
2730,225.0,87.3151
2731,464.0,161.40266
2732,520.0,229.58027
2733,616.0,291.54388
2734,670.0,356.62548
2735,684.0,387.95193
2736,713.0,418.77014
2737,689.0,406.63687
2738,618.0,302.06298
2739,570.0,233.46649
2740,457.0,205.26618
2741,423.0,132.35527
2742,463.0,142.58428
2743,522.0,202.92332
2744,408.0,130.76318
2745,235.0,62.66565
2746,442.0,113.43246
2747,507.0,196.76966
2748,488.0,212.03602
2749,481.0,188.10139
2750,564.0,235.9927
2751,487.0,218.30456
2752,442.0,127.43281
2753,307.0,79.48696
2754,16.0,28.89538
2755,0.0,20.43831
2756,192.0,72.71829
2757,407.0,126.00434
2758,443.0,151.70976
2759,189.0,92.97906
2760,0.0,41.75389
2761,133.0,62.38367
2762,362.0,108.88945
2763,455.0,165.53373
2764,433.0,185.88385
2765,460.0,159.39399
2766,434.0,176.21647
2767,476.0,199.51635
2768,526.0,227.65747
2769,441.0,198.70175
2770,396.0,136.03028
2771,464.0,150.34394
2772,390.0,136.51882
2773,272.0,96.19108
2774,233.0,79.59605
2775,356.0,97.69149
2776,429.0,130.84326
2777,459.0,164.97209
2778,455.0,180.69448
2779,442.0,144.5709
2780,465.0,161.70901
2781,501.0,213.72326
2782,486.0,209.01083
2783,465.0,158.58403
2784,494.0,197.50303
2785,545.0,239.84294
2786,597.0,261.12371
2787,656.0,309.02313
2788,664.0,327.8775
2789,594.0,271.35852
2790,428.0,179.41804
2791,322.0,102.16719
2792,133.0,53.97185
2793,1.0,33.26433
2794,0.0,23.01791
2795,98.0,53.73165
2796,367.0,105.94317
2797,475.0,190.62413
2798,639.0,295.92559
2799,671.0,370.56204
2800,699.0,414.73886
2801,683.0,404.20697
2802,629.0,309.9851
2803,666.0,313.43618
2804,682.0,364.17861
2805,658.0,323.5422
2806,477.0,214.86393
2807,418.0,136.43875
2808,223.0,78.73502
2809,118.0,50.11581
2810,199.0,67.56027
2811,388.0,110.7844
2812,461.0,158.70123
2813,411.0,145.23002
2814,154.0,73.86013
2815,8.0,35.6803
2816,0.0,31.66993
2817,116.0,56.96688
2818,337.0,102.66501
2819,443.0,162.37857
2820,512.0,225.71958
2821,616.0,280.31921
2822,566.0,263.1022
2823,566.0,235.47863
2824,657.0,307.89871
2825,653.0,319.57476
2826,512.0,231.90573
2827,375.0,124.0537
2828,226.0,61.09098
2829,227.0,62.71439
2830,71.0,52.54223
2831,22.0,38.5674
2832,245.0,80.67291
2833,441.0,134.58906
2834,376.0,131.40257
2835,175.0,76.24014
2836,270.0,84.76451
2837,406.0,127.41425
2838,465.0,165.6486
2839,502.0,203.06024
2840,554.0,237.75769
2841,572.0,246.33195
2842,445.0,188.97866
2843,455.0,150.41589
2844,531.0,208.02333
2845,595.0,260.30563
2846,560.0,249.35018
2847,410.0,147.60539
2848,290.0,85.89939
2849,422.0,108.43341
2850,381.0,113.31642
2851,274.0,86.28233
2852,457.0,123.45957
2853,465.0,174.85879
2854,532.0,217.76033
2855,523.0,223.33958
2856,417.0,144.68115
2857,197.0,73.28225
2858,0.0,37.99765
2859,0.0,13.89476
2860,0.0,3.00546
2861,0.0,9.25776
2862,0.0,34.70208
2863,197.0,72.62546
2864,291.0,100.69696
2865,206.0,92.20507
2866,71.0,56.52012
2867,16.0,29.493
2868,0.0,19.10036
2869,39.0,39.35068
2870,174.0,69.40648
2871,217.0,98.29838
2872,349.0,117.33492
2873,407.0,138.69575
2874,441.0,167.56561
2875,439.0,183.60015
2876,385.0,145.35302
2877,222.0,87.24779
2878,79.0,51.50482
2879,0.0,34.34119
2880,16.0,52.62578
2881,194.0,88.89325
2882,381.0,128.83226
2883,458.0,162.37625
2884,435.0,188.24876
2885,467.0,210.26174
2886,438.0,178.72296
2887,183.0,100.8188
2888,0.0,41.13887
2889,65.0,35.08153
2890,53.0,52.02005
2891,0.0,34.09866
2892,112.0,66.51705
2893,348.0,112.14556
2894,317.0,117.07847
2895,32.0,63.87016
2896,0.0,53.30694
2897,228.0,96.40459
2898,376.0,130.09478
2899,96.0,87.70384
2900,127.0,64.97371
2901,391.0,124.38325
2902,448.0,152.82608
2903,185.0,96.9349
2904,134.0,65.86259
2905,336.0,103.19879
2906,404.0,128.55609
2907,446.0,150.27897
2908,438.0,176.76766
2909,497.0,220.65554
2910,565.0,261.93716
2911,630.0,299.1051
2912,674.0,351.88406
2913,680.0,381.7832
2914,687.0,389.90606
2915,679.0,366.96591
2916,684.0,372.22027
2917,671.0,337.22344
2918,532.0,241.76574
2919,563.0,213.7279
2920,607.0,242.92382
2921,666.0,291.52761
2922,682.0,352.86114
2923,680.0,345.06896
2924,690.0,368.21917
2925,686.0,369.45382
2926,663.0,310.50729
2927,619.0,255.9181
2928,600.0,238.2729
2929,593.0,230.37051
2930,733.0,200.6582
2931,712.0,178.3934
2932,716.0,176.3209
2933,737.0,190.41873
2934,755.0,230.45986
2935,780.0,265.35922
2936,785.0,273.1676
2937,746.0,228.95016
2938,701.0,170.00131
2939,559.0,113.21662
2940,464.0,73.72785
2941,533.0,88.52889
2942,651.0,133.55744
2943,673.0,157.95509
2944,585.0,126.08094
2945,429.0,77.16499
2946,304.0,53.67015
2947,460.0,82.07004
2948,523.0,103.37402
2949,438.0,79.4684
2950,258.0,51.62667
2951,197.0,42.80987
2952,313.0,59.8122
2953,417.0,83.42888
2954,409.0,78.66191
2955,190.0,48.70591
2956,24.0,26.15217
2957,0.0,17.36903
2958,101.0,32.85122
2959,339.0,54.99418
2960,238.0,50.36762
2961,90.0,34.93068
2962,358.0,57.23841
2963,241.0,53.81172
2964,4.0,25.80289
2965,71.0,28.90815
2966,302.0,50.22025
2967,118.0,42.80871
2968,0.0,20.85142
2969,78.0,34.94808
2970,336.0,55.52216
2971,49.0,42.0556
2972,0.0,22.41217
2973,60.0,28.72596
2974,9.0,33.73197
2975,0.0,5.40635
2976,70.0,19.44152
2977,71.0,34.10099
2978,0.0,21.239
2979,0.0,14.3624
2980,117.0,39.74174
2981,49.0,47.3169
2982,0.0,15.73865
2983,342.0,51.27622
2984,175.0,58.33732
2985,0.0,15.5495
2986,82.0,17.6951
2987,292.0,56.1221
2988,300.0,64.34013
2989,0.0,34.61969
2990,0.0,-0.06266
2991,0.0,3.23987
2992,0.0,7.67031
2993,0.0,4.03475
2994,0.0,12.97919
2995,0.0,24.86064
2996,68.0,44.71062
2997,63.0,53.52974
2998,406.0,85.74158
2999,354.0,84.58929
3000,3.0,48.01895
3001,376.0,78.15482
3002,342.0,80.78199
3003,0.0,35.65013
3004,0.0,18.40063
3005,0.0,9.67782
3006,0.0,0.87843
3007,0.0,6.43448
3008,0.0,10.49127
3009,0.0,21.3121
3010,105.0,36.72699
3011,480.0,85.09871
3012,661.0,146.02838
3013,545.0,135.27951
3014,485.0,99.49361
3015,657.0,139.68907
3016,596.0,138.79322
3017,408.0,93.92944
3018,508.0,92.80152
3019,665.0,145.34606
3020,640.0,149.1557
3021,434.0,101.59975
3022,353.0,65.08744
3023,242.0,55.95384
3024,381.0,72.1845
3025,383.0,80.68103
3026,273.0,57.11193
3027,69.0,45.22816
3028,46.0,37.68898
3029,113.0,42.64277
3030,325.0,68.25419
3031,169.0,62.05644
3032,79.0,46.30966
3033,371.0,78.56444
3034,508.0,109.01593
3035,500.0,108.90454
3036,360.0,82.16519
3037,63.0,50.95595
3038,65.0,40.6457
3039,174.0,51.30523
3040,77.0,50.29219
3041,39.0,36.83955
3042,133.0,48.03055
3043,169.0,56.92162
3044,32.0,38.59177
3045,0.0,30.34358
3046,30.0,35.36235
3047,71.0,45.77007
3048,74.0,46.38625
3049,61.0,40.29642
3050,211.0,58.78756
3051,66.0,48.4924
3052,0.0,36.27791
3053,184.0,53.22339
3054,139.0,58.83978
3055,52.0,41.98481
3056,0.0,35.88105
3057,75.0,41.053
3058,78.0,47.99226
3059,0.0,34.77054
3060,9.0,35.88338
3061,0.0,38.78672
3062,0.0,33.19238
3063,36.0,42.8586
3064,0.0,34.95853
3065,28.0,35.43894
3066,118.0,54.595
3067,65.0,46.60673
3068,46.0,44.17915
3069,90.0,53.40557
3070,9.0,39.08495
3071,6.0,38.36549
3072,0.0,36.76529
3073,48.0,44.09328
3074,47.0,49.1341
3075,3.0,37.68201
3076,44.0,46.95369
3077,0.0,39.57348
3078,12.0,30.5072
3079,37.0,43.74632
3080,186.0,59.05794
3081,0.0,40.88242
3082,0.0,35.99013
3083,316.0,65.65255
3084,375.0,88.32466
3085,327.0,79.50785
3086,400.0,85.83905
3087,422.0,98.22875
3088,283.0,72.20307
3089,39.0,47.9238
3090,0.0,37.00897
3091,0.0,43.92386
3092,108.0,55.30401
3093,7.0,37.68898
3094,2.0,44.05035
3095,82.0,56.1453
3096,196.0,61.63056
3097,79.0,58.48005
3098,303.0,63.01958
3099,240.0,68.13119
3100,227.0,61.58415
3101,309.0,73.49229
3102,174.0,61.94272
3103,183.0,56.01882
3104,59.0,52.99595
3105,229.0,61.47043
3106,0.0,44.24761
3107,185.0,54.54974
3108,311.0,71.90136
3109,10.0,55.03247
3110,186.0,56.29384
3111,13.0,53.95793
3112,195.0,57.12005
3113,194.0,64.37726
3114,212.0,65.74655
3115,62.0,56.67561
3116,269.0,64.01638
3117,262.0,68.84716
3118,370.0,80.37584
3119,397.0,91.38002
3120,487.0,105.51265
3121,486.0,103.92753
3122,482.0,103.29859
3123,495.0,106.90631
3124,398.0,95.58998
3125,255.0,67.60784
3126,22.0,48.26031
3127,0.0,41.21894
3128,8.0,35.0618
3129,8.0,40.06898
3130,96.0,54.83404
3131,261.0,69.2916
3132,295.0,75.31413
3133,186.0,65.909
3134,0.0,52.15465
3135,0.0,43.11737
3136,0.0,45.58557
3137,86.0,56.83923
3138,229.0,68.76361
3139,240.0,72.35973
3140,137.0,65.23828
3141,270.0,71.97911
3142,331.0,80.22035
3143,132.0,63.90613
3144,15.0,45.78168
3145,9.0,36.94167
3146,11.0,41.44058
3147,76.0,57.11425
3148,258.0,72.99795
3149,368.0,87.28144
3150,440.0,98.92269
3151,501.0,108.34986
3152,417.0,101.02187
3153,307.0,76.31092
3154,35.0,53.6539
3155,6.0,35.32754
3156,28.0,34.9887
3157,98.0,55.6881
3158,374.0,83.76889
3159,535.0,115.62796
3160,607.0,144.39221
3161,630.0,156.92581
3162,384.0,106.5605
3163,0.0,47.54318
3164,9.0,48.45642
3165,294.0,76.55577
3166,491.0,104.89183
3167,585.0,144.29589
3168,638.0,183.62916
3169,682.0,223.38252
3170,717.0,253.6553
3171,696.0,238.38662
3172,625.0,182.46992
3173,498.0,123.39923
3174,376.0,89.89933
3175,317.0,68.01631
3176,0.0,46.84461
3177,69.0,48.80107
3178,371.0,73.15576
3179,393.0,89.14274
3180,212.0,66.16082
3181,0.0,38.71594
3182,0.0,42.95376
3183,289.0,66.5832
3184,438.0,94.04084
3185,568.0,125.89875
3186,655.0,162.38436
3187,653.0,170.50724
3188,535.0,136.56175
3189,387.0,93.61496
3190,331.0,68.94
3191,392.0,76.58478
3192,505.0,105.98494
3193,616.0,141.46101
3194,662.0,177.73776
3195,674.0,191.36563
3196,649.0,163.44847
3197,465.0,114.54877
3198,305.0,72.07078
3199,1.0,49.15731
3200,1.0,40.44031
3201,2.0,45.07847
3202,238.0,68.37952
3203,396.0,92.01824
3204,538.0,119.17069
3205,592.0,147.23985
3206,612.0,155.50894
3207,545.0,130.31526
3208,421.0,100.79675
3209,287.0,75.14587
3210,1.0,52.70005
3211,0.0,36.92426
3212,0.0,31.97511
3213,22.0,45.52871
3214,159.0,66.83849
3215,508.0,104.33948
3216,537.0,125.7595
3217,269.0,90.80793
3218,0.0,48.49704
3219,0.0,38.36433
3220,2.0,34.27969
3221,0.0,28.73873
3222,30.0,36.22802
3223,60.0,56.81254
3224,249.0,80.15304
3225,199.0,79.97434
3226,0.0,42.33526
3227,0.0,22.91463
3228,0.0,8.39093
3229,0.0,10.20233
3230,0.0,35.09546
3231,110.0,67.64614
3232,511.0,123.40039
3233,652.0,179.52827
3234,690.0,223.7376
3235,707.0,244.81646
3236,656.0,208.87274
3237,444.0,132.79971
3238,260.0,78.22328
3239,0.0,42.4014
3240,0.0,21.73797
3241,0.0,25.50466
3242,0.0,52.84278
3243,265.0,79.62158
3244,11.0,73.14765
3245,0.0,42.8412
3246,0.0,46.89915
3247,246.0,76.59638
3248,472.0,120.43553
3249,653.0,167.0852
3250,698.0,225.16258
3251,722.0,261.37783
3252,724.0,265.80712
3253,687.0,217.90538
3254,584.0,158.35659
3255,392.0,100.07497
3256,27.0,59.00572
3257,0.0,47.16257
3258,157.0,69.85324
3259,378.0,89.93878
3260,406.0,97.97115
3261,69.0,66.87795
3262,42.0,60.26244
3263,405.0,92.86882
3264,501.0,123.54428
3265,601.0,151.4591
3266,663.0,177.39196
3267,690.0,201.71301
3268,705.0,227.64469
3269,721.0,244.86636
3270,707.0,230.87876
3271,664.0,188.02828
3272,500.0,133.71643
3273,439.0,108.95095
3274,444.0,103.98788
3275,554.0,131.51281
3276,561.0,141.95535
3277,458.0,114.58591
3278,525.0,119.12079
3279,566.0,138.99862
3280,656.0,164.80035
3281,660.0,174.32499
3282,544.0,141.06414
3283,520.0,119.36796
3284,585.0,138.86401
3285,581.0,141.79753
3286,631.0,153.92266
3287,634.0,161.50595
3288,539.0,130.81423
3289,516.0,117.05642
3290,406.0,91.35913
3291,417.0,79.16437
3292,555.0,117.38481
3293,671.0,177.97796
3294,739.0,251.56077
3295,780.0,323.71276
3296,800.0,365.66857
3297,813.0,403.70452
3298,817.0,422.0657
3299,819.0,434.92303
3300,823.0,450.05133
3301,830.0,464.84655
3302,833.0,480.8637
3303,834.0,486.13427
3304,826.0,451.41479
3305,816.0,395.95993
3306,808.0,354.99163
3307,798.0,325.02752
3308,787.0,298.17446
3309,771.0,278.01
3310,751.0,254.31442
3311,723.0,221.32626
3312,687.0,181.3153
3313,582.0,146.19897
3314,507.0,120.04216
3315,440.0,92.32807
3316,324.0,68.39344
3317,18.0,45.99403
3318,0.0,21.92944
3319,0.0,2.99386
3320,0.0,-10.87537
3321,0.0,-15.67483
3322,0.0,-13.08363
3323,0.0,-4.03011
3324,0.0,7.50205
3325,0.0,6.95434
3326,0.0,14.46452
3327,0.0,28.84549
3328,4.0,45.88147
3329,106.0,66.17706
3330,195.0,98.93893
3331,345.0,136.75321
3332,435.0,175.59448
3333,448.0,214.13056
3334,563.0,254.62193
3335,628.0,290.43801
3336,657.0,326.86907
3337,700.0,379.67358
3338,743.0,434.93234
3339,765.0,477.87216
3340,765.0,476.71871
3341,742.0,425.3833
3342,681.0,336.63046
3343,571.0,245.15762
3344,410.0,181.00199
3345,407.0,129.26393
3346,362.0,89.87496
3347,200.0,65.86142
3348,159.0,54.64373
3349,217.0,68.58375
3350,304.0,97.91429
3351,430.0,131.64509
3352,475.0,163.77919
3353,379.0,128.40058
3354,385.0,104.85238
3355,469.0,155.81877
3356,489.0,203.0939
3357,576.0,250.31564
3358,648.0,302.34149
3359,686.0,350.93484
3360,710.0,383.88586
3361,715.0,393.21441
3362,715.0,381.7008
3363,706.0,365.86004
3364,692.0,344.57232
3365,698.0,335.68356
3366,701.0,340.79519
3367,682.0,325.40118
3368,656.0,286.66433
3369,657.0,282.38592
3370,661.0,290.32312
3371,656.0,289.67446
3372,614.0,250.09284
3373,553.0,215.19233
3374,611.0,227.36505
3375,612.0,233.80996
3376,435.0,188.39845
3377,427.0,146.57261
3378,441.0,157.01631
3379,444.0,168.96389
3380,430.0,140.17411
3381,412.0,120.29861
3382,406.0,113.67963
3383,226.0,70.4961
3384,106.0,43.55717
3385,222.0,61.80927
3386,233.0,71.27126
3387,288.0,85.83557
3388,327.0,95.57722
