,FSR,LoadCell
0,0.0,-9.76834
1,0.0,10.17448
2,0.0,3.22362
3,0.0,2.04464
4,0.0,2.46935
5,0.0,1.39017
6,0.0,2.32314
7,0.0,1.33679
8,0.0,1.5712
9,0.0,1.9843
10,0.0,0.96546
11,0.0,2.07946
12,0.0,1.18362
13,0.0,1.89379
14,0.0,1.48997
15,0.0,1.38785
16,0.0,1.43195
17,0.0,1.27877
18,0.0,1.36
19,0.0,1.18826
20,0.0,1.46908
21,0.0,0.87263
22,0.0,1.5155
23,0.0,0.8471
24,0.0,3.01475
25,0.0,8.17393
26,0.0,16.74008
27,79.0,28.48112
28,182.0,40.50993
29,186.0,50.65888
30,216.0,59.9677
31,266.0,68.72416
32,349.0,76.65441
33,404.0,86.58055
34,426.0,95.68746
35,443.0,103.65716
36,457.0,114.03123
37,430.0,125.68407
38,470.0,137.08859
39,478.0,147.89897
40,499.0,157.63713
41,509.0,171.62472
42,557.0,189.56002
43,598.0,206.24905
44,615.0,217.62107
45,630.0,227.90231
46,634.0,239.20471
47,643.0,254.67994
48,669.0,271.41772
49,702.0,292.76229
50,715.0,314.16955
51,730.0,332.64794
52,739.0,353.15704
53,751.0,372.73547
54,764.0,390.22286
55,772.0,405.80718
56,775.0,422.08541
57,780.0,438.01089
58,783.0,454.6419
59,789.0,472.36135
60,793.0,492.44808
61,803.0,513.60467
62,809.0,534.42944
63,815.0,553.29071
64,817.0,568.46887
65,818.0,581.89019
66,820.0,594.88446
67,819.0,595.38348
68,817.0,576.6289
69,808.0,547.28906
70,802.0,516.84454
71,798.0,488.8833
72,787.0,460.26757
73,782.0,432.14385
74,776.0,404.68853
75,761.0,376.08676
76,748.0,348.10461
77,725.0,320.86282
78,700.0,293.87399
79,673.0,267.6278
80,647.0,240.31175
81,610.0,213.66871
82,555.0,188.47389
83,511.0,166.0594
84,471.0,144.3249
85,412.0,122.48134
86,343.0,100.64705
87,282.0,77.24621
88,191.0,58.38954
89,111.0,44.44372
90,59.0,32.70037
91,0.0,21.75538
92,0.0,10.68274
93,0.0,0.62662
94,0.0,-7.93721
95,0.0,-14.78595
96,0.0,-21.97122
97,0.0,-29.26788
98,0.0,-33.55211
99,0.0,-34.253
100,0.0,-30.08016
101,0.0,-20.17954
102,0.0,-10.12574
103,0.0,-0.31563
104,30.0,9.93079
105,161.0,21.32371
106,263.0,33.09723
107,290.0,44.29983
108,337.0,56.40988
109,312.0,64.95514
110,262.0,61.77098
111,126.0,49.31745
112,0.0,32.83034
113,0.0,16.80739
114,0.0,7.71673
115,52.0,14.77203
116,269.0,34.48972
117,424.0,56.04551
118,514.0,77.74519
119,548.0,100.27108
120,604.0,127.2251
121,652.0,152.71235
122,657.0,165.22854
123,617.0,158.62348
124,572.0,140.19152
125,519.0,117.6285
126,508.0,97.71121
127,340.0,82.94383
128,258.0,66.41262
129,231.0,53.91732
130,288.0,51.89124
131,346.0,58.71677
132,444.0,73.58164
133,497.0,93.10439
134,525.0,110.11368
135,559.0,121.41608
136,574.0,131.77391
137,621.0,151.05296
138,655.0,175.51673
139,680.0,201.93928
140,698.0,227.76539
141,710.0,247.49468
142,700.0,250.98519
143,667.0,228.06709
144,637.0,191.24263
145,543.0,153.62211
146,518.0,121.24898
147,465.0,102.40624
148,451.0,88.45114
149,439.0,78.40198
150,458.0,74.15256
151,487.0,80.78314
152,532.0,96.04254
153,564.0,113.21198
154,588.0,129.52502
155,628.0,145.05131
156,646.0,160.43141
157,679.0,179.44589
158,692.0,202.57983
159,714.0,226.01316
160,732.0,248.91038
161,749.0,270.77947
162,761.0,294.62591
163,757.0,309.41186
164,746.0,295.86523
165,734.0,268.52828
166,705.0,239.20239
167,676.0,207.01492
168,639.0,176.80943
169,571.0,148.53952
170,585.0,130.07505
171,650.0,130.81307
172,675.0,149.49801
173,704.0,173.85504
174,722.0,201.05273
175,743.0,230.60839
176,759.0,257.98016
177,771.0,284.00122
178,780.0,310.58621
179,790.0,338.72152
180,796.0,367.7666
181,806.0,394.66027
182,809.0,413.691
183,803.0,413.28952
184,791.0,387.20812
185,774.0,347.49655
186,749.0,303.28723
187,721.0,257.16091
188,678.0,212.93534
189,635.0,175.35427
190,588.0,143.8236
191,651.0,131.90386
192,683.0,147.96395
193,727.0,181.56944
194,756.0,221.00251
195,775.0,261.43585
196,790.0,301.13815
197,799.0,334.71347
198,808.0,362.72113
199,814.0,391.99829
200,817.0,420.73703
201,825.0,447.35452
202,829.0,473.50787
203,833.0,496.58843
204,838.0,515.83502
205,844.0,529.53247
206,848.0,543.69647
207,854.0,561.87774
208,855.0,575.85375
209,855.0,578.1676
210,855.0,575.84216
211,850.0,561.83367
212,834.0,528.19104
213,819.0,478.19824
214,800.0,419.01266
215,775.0,354.34066
216,735.0,290.29528
217,703.0,231.53208
218,720.0,198.23294
219,742.0,203.63581
220,771.0,236.87693
221,792.0,281.34387
222,804.0,323.5155
223,818.0,364.09738
224,825.0,402.25399
225,829.0,435.73184
226,837.0,464.48217
227,842.0,488.67907
228,847.0,509.19512
229,851.0,526.67553
230,844.0,529.14257
231,834.0,505.33792
232,822.0,462.0198
233,804.0,409.06097
234,782.0,350.3001
235,746.0,292.21923
236,672.0,235.12702
237,573.0,174.6325
238,552.0,127.83316
239,584.0,111.1859
240,617.0,119.00939
241,669.0,137.62469
242,688.0,163.53898
243,726.0,190.86897
244,749.0,220.5337
245,749.0,239.14437
246,732.0,230.34382
247,703.0,206.03785
248,681.0,179.16738
249,611.0,153.45501
250,571.0,131.14727
251,511.0,111.29498
252,437.0,91.08992
253,327.0,72.5628
254,284.0,58.70053
255,289.0,51.81233
256,340.0,55.65793
257,452.0,65.00852
258,481.0,75.69126
259,504.0,86.5968
260,486.0,91.39859
261,410.0,82.5052
262,289.0,65.72566
263,189.0,50.45465
264,145.0,40.40782
265,134.0,34.17873
266,88.0,27.89395
267,24.0,23.60972
268,119.0,24.75388
269,183.0,33.49409
270,262.0,45.40454
271,263.0,53.17929
272,203.0,51.42011
273,128.0,41.8212
274,22.0,29.76917
275,6.0,21.6463
276,23.0,18.91934
277,92.0,21.1891
278,153.0,28.06337
279,198.0,36.50188
280,198.0,42.45246
281,163.0,41.93492
282,43.0,33.9745
283,0.0,23.56562
284,0.0,17.05804
285,0.0,16.37339
286,49.0,19.90568
287,114.0,24.86528
288,127.0,28.58555
289,59.0,28.99634
290,1.0,25.59634
291,0.0,21.07538
292,13.0,19.50418
293,52.0,21.48152
294,112.0,25.32248
295,124.0,27.65723
296,43.0,26.88207
297,0.0,22.98309
298,20.0,19.88944
299,64.0,20.79224
300,130.0,25.32248
301,143.0,29.5719
302,87.0,29.35143
303,55.0,25.97927
304,66.0,23.83251
305,144.0,25.88876
306,172.0,33.9188
307,246.0,45.43471
308,292.0,53.58544
309,201.0,53.73165
310,117.0,44.0515
311,151.0,34.05109
312,248.0,36.78269
313,426.0,55.41424
314,512.0,79.23284
315,533.0,97.82029
316,457.0,98.76023
317,333.0,79.77127
318,341.0,63.7019
319,472.0,64.56525
320,527.0,80.7112
321,548.0,99.31723
322,550.0,109.02522
323,484.0,101.66358
324,377.0,83.46138
325,451.0,70.77345
326,528.0,75.77017
327,551.0,94.0652
328,604.0,114.68338
329,602.0,126.5335
330,567.0,121.37199
331,553.0,110.00228
332,556.0,101.12979
333,587.0,104.68296
334,626.0,123.71601
335,655.0,146.83602
336,606.0,153.07672
337,580.0,134.43588
338,569.0,112.26972
339,606.0,110.11601
340,668.0,127.5593
341,678.0,157.76942
342,671.0,174.108
343,592.0,159.94635
344,589.0,130.65527
345,604.0,116.61663
346,666.0,125.80011
347,688.0,153.93078
348,700.0,182.80876
349,674.0,188.5876
350,659.0,165.97816
351,618.0,142.34756
352,667.0,136.66156
353,685.0,147.95234
354,705.0,168.76315
355,719.0,193.50077
356,706.0,204.42257
357,664.0,186.60562
358,646.0,154.44601
359,675.0,141.11985
360,700.0,153.22293
361,721.0,181.16329
362,730.0,210.85356
363,724.0,224.45358
364,700.0,207.81793
365,685.0,179.58978
366,691.0,163.66662
367,715.0,171.2998
368,735.0,197.64576
369,759.0,234.48648
370,761.0,264.39953
371,735.0,263.45034
372,696.0,225.14286
373,689.0,184.31729
374,709.0,169.46868
375,735.0,184.60972
376,759.0,217.33793
377,772.0,258.82263
378,773.0,289.84967
379,750.0,278.91165
380,729.0,237.99324
381,737.0,212.60578
382,754.0,216.97589
383,778.0,247.40185
384,790.0,286.52624
385,799.0,324.20016
386,800.0,355.45697
387,793.0,352.64645
388,772.0,317.90841
389,766.0,281.55505
390,776.0,269.04119
391,798.0,288.39221
392,804.0,326.32601
393,816.0,363.22476
394,822.0,396.86505
395,813.0,408.32064
396,798.0,378.93438
397,787.0,330.17395
398,790.0,302.15234
399,802.0,305.81924
400,813.0,334.4396
401,823.0,375.80361
402,828.0,417.30453
403,834.0,454.26129
404,829.0,465.70294
405,814.0,428.98754
406,808.0,375.77343
407,814.0,355.1831
408,827.0,376.37222
409,836.0,422.20611
410,844.0,472.59576
411,849.0,512.19128
412,850.0,526.50842
413,838.0,515.64935
414,828.0,475.40164
415,825.0,428.05456
416,832.0,412.68377
417,843.0,439.16201
418,852.0,485.1607
419,855.0,521.33996
420,855.0,537.92224
421,856.0,541.20159
422,846.0,531.04565
423,833.0,497.08972
424,821.0,442.76394
425,816.0,396.08062
426,822.0,380.5288
427,834.0,395.47256
428,838.0,424.42712
429,835.0,438.18728
430,829.0,425.10714
431,810.0,392.69454
432,785.0,346.50323
433,768.0,299.126
434,776.0,273.09799
435,796.0,281.50167
436,804.0,310.81134
437,809.0,336.52835
438,804.0,343.57205
439,775.0,318.6
440,739.0,274.21893
441,725.0,230.49467
442,725.0,204.6268
443,744.0,203.15075
444,769.0,224.4118
445,785.0,256.95898
446,784.0,285.15466
447,760.0,280.36911
448,701.0,238.47366
449,665.0,187.18583
450,660.0,152.01843
451,685.0,143.13896
452,721.0,159.48683
453,744.0,189.62501
454,749.0,213.5225
455,702.0,210.74681
456,592.0,174.20779
457,559.0,131.80871
458,523.0,103.09088
459,582.0,96.26766
460,676.0,116.03178
461,704.0,152.29692
462,724.0,183.44931
463,714.0,196.15812
464,690.0,184.84179
465,597.0,157.97598
466,570.0,126.68434
467,503.0,101.01374
468,490.0,85.61509
469,515.0,81.33318
470,561.0,88.50452
471,604.0,105.92692
472,655.0,125.89295
473,675.0,144.28312
474,704.0,165.69502
475,730.0,189.91279
476,741.0,211.97915
477,754.0,231.73631
478,766.0,251.50506
479,778.0,272.61294
480,792.0,295.48693
481,803.0,320.86047
482,810.0,347.26214
483,818.0,371.9905
484,823.0,395.00839
485,828.0,419.05212
486,833.0,443.47875
487,839.0,466.43167
488,844.0,486.0194
489,847.0,504.10092
490,851.0,518.75921
491,852.0,529.4234
492,854.0,539.19641
493,855.0,546.87133
494,857.0,554.13085
495,856.0,556.17321
496,854.0,550.62408
497,852.0,539.91119
498,849.0,525.18328
499,843.0,506.34051
500,835.0,480.56082
501,830.0,449.09515
502,823.0,418.19342
503,815.0,390.92608
504,806.0,365.37847
505,797.0,338.39196
506,781.0,308.84793
507,766.0,280.59655
508,748.0,254.87722
509,737.0,232.25617
510,718.0,212.1625
511,682.0,191.91334
512,657.0,167.90676
513,607.0,144.05337
514,586.0,127.26455
515,566.0,115.40283
516,534.0,105.07054
517,483.0,88.42097
518,454.0,77.16731
519,346.0,68.16716
520,312.0,59.0092
521,450.0,59.80524
522,494.0,72.69741
523,529.0,88.24227
524,582.0,106.31682
525,636.0,128.37854
526,667.0,151.80491
527,699.0,175.45408
528,730.0,201.2268
529,755.0,229.16484
530,774.0,258.7669
531,786.0,289.21377
532,791.0,312.97201
533,789.0,317.30731
534,773.0,301.36096
535,752.0,272.84503
536,739.0,242.49563
537,718.0,216.75077
538,683.0,192.58406
539,650.0,166.07563
540,581.0,140.71371
541,569.0,120.54577
542,561.0,106.23095
543,583.0,103.80105
544,595.0,113.40693
545,657.0,128.83341
546,685.0,148.2378
547,717.0,170.72888
548,740.0,197.27676
549,758.0,225.48634
550,771.0,253.17141
551,786.0,281.15356
552,800.0,310.89254
553,810.0,343.46063
554,818.0,373.57098
555,822.0,399.18124
556,823.0,414.63558
557,818.0,409.60171
558,808.0,387.0155
559,799.0,355.91882
560,786.0,322.42935
561,770.0,291.57403
562,752.0,264.59219
563,734.0,236.10641
564,710.0,208.53274
565,689.0,185.30596
566,697.0,169.78895
567,715.0,171.22785
568,734.0,189.17013
569,752.0,214.97534
570,768.0,239.58068
571,774.0,259.95748
572,787.0,279.71234
573,801.0,303.40792
574,810.0,329.36862
575,819.0,356.77288
576,826.0,386.97372
577,832.0,418.85482
578,840.0,449.98864
579,844.0,476.9125
580,845.0,498.71661
581,846.0,510.64794
582,846.0,511.30938
583,843.0,503.52072
584,836.0,483.81927
585,826.0,449.09515
586,810.0,406.45236
587,798.0,361.20565
588,780.0,315.07931
589,761.0,275.40255
590,737.0,244.43817
591,723.0,218.55868
592,687.0,192.42391
593,688.0,170.65229
594,701.0,162.65707
595,728.0,173.04507
596,748.0,196.97737
597,763.0,225.25657
598,773.0,248.97537
599,792.0,274.18646
600,807.0,306.55493
601,819.0,343.47921
602,828.0,380.27349
603,834.0,412.62576
604,842.0,441.94934
605,845.0,469.29788
606,849.0,493.67578
607,851.0,512.24468
608,854.0,523.88128
609,856.0,535.96118
610,857.0,548.84637
611,859.0,559.68225
612,859.0,566.54492
613,858.0,560.89605
614,855.0,547.30065
615,846.0,524.57055
616,835.0,490.97436
617,822.0,445.85528
618,809.0,396.56567
619,801.0,352.56289
620,790.0,317.39318
621,763.0,285.70236
622,736.0,250.95503
623,699.0,214.63882
624,700.0,181.33503
625,714.0,170.52233
626,737.0,183.93435
627,741.0,201.05505
628,752.0,213.79637
629,768.0,230.74299
630,778.0,252.51229
631,790.0,276.01062
632,800.0,299.96844
633,810.0,322.01626
634,812.0,339.6986
635,808.0,341.19784
636,797.0,323.51782
637,785.0,298.59222
638,756.0,271.2622
639,748.0,244.72131
640,715.0,209.95075
641,678.0,179.31593
642,617.0,151.29898
643,570.0,127.57554
644,566.0,110.14617
645,571.0,100.47995
646,589.0,100.92323
647,650.0,116.46577
648,678.0,139.14019
649,709.0,161.16941
650,739.0,183.69067
651,755.0,207.59977
652,766.0,229.06968
653,773.0,247.29278
654,779.0,262.57305
655,778.0,271.50823
656,771.0,266.32351
657,748.0,244.32444
658,726.0,214.32319
659,696.0,184.27087
660,666.0,158.06648
661,576.0,131.84353
662,514.0,104.44392
663,430.0,81.05236
664,353.0,64.79501
665,290.0,55.26339
666,223.0,48.11062
667,159.0,38.86215
668,167.0,29.48835
669,193.0,31.65368
670,294.0,47.37028
671,412.0,68.67078
672,465.0,86.24868
673,529.0,105.14481
674,603.0,130.8827
675,634.0,154.76164
676,654.0,174.60466
677,675.0,191.24726
678,691.0,206.67376
679,714.0,222.68046
680,729.0,239.07243
681,747.0,256.3254
682,760.0,275.23779
683,774.0,295.46838
684,784.0,316.10513
685,793.0,337.89764
686,801.0,363.66802
687,811.0,390.32962
688,820.0,415.19491
689,825.0,439.50317
690,830.0,464.61215
691,834.0,489.42868
692,839.0,513.05462
693,841.0,524.86993
694,843.0,527.59924
695,844.0,526.45971
696,839.0,517.22283
697,834.0,500.22052
698,833.0,479.54431
699,828.0,455.5679
700,819.0,428.2124
701,813.0,400.06777
702,805.0,371.9905
703,796.0,344.84384
704,783.0,319.39141
705,772.0,296.01608
706,755.0,274.13076
707,734.0,252.68405
708,716.0,229.68006
709,690.0,207.43035
710,658.0,188.30447
711,628.0,169.45939
712,592.0,148.43043
713,532.0,128.47601
714,515.0,113.58331
715,478.0,100.79094
716,425.0,86.60144
717,354.0,73.04553
718,274.0,60.62913
719,251.0,50.56141
720,140.0,43.26939
721,78.0,34.17873
722,83.0,25.60098
723,0.0,19.39046
724,0.0,12.41407
725,0.0,5.59782
726,0.0,0.58021
727,0.0,-3.72724
728,0.0,-7.40574
729,0.0,-9.08834
730,0.0,-5.37038
731,0.0,5.17311
732,17.0,15.94404
733,154.0,27.73613
734,227.0,39.68836
735,313.0,50.09957
736,378.0,59.79132
737,451.0,69.83351
738,508.0,80.61837
739,537.0,92.05538
740,548.0,102.28091
741,572.0,111.21607
742,592.0,119.51997
743,614.0,129.26509
744,650.0,141.47261
745,672.0,155.91508
746,686.0,171.16056
747,713.0,185.40576
748,730.0,200.37506
749,742.0,216.76933
750,751.0,232.27938
751,765.0,246.90751
752,774.0,261.50085
753,781.0,278.36392
754,790.0,295.54034
755,796.0,310.194
756,804.0,326.29119
757,809.0,345.93231
758,815.0,368.14025
759,822.0,389.36416
760,829.0,407.50137
761,833.0,422.84201
762,836.0,436.90386
763,843.0,454.22647
764,850.0,476.92178
765,853.0,500.1091
766,854.0,512.34912
767,851.0,509.15335
768,847.0,493.42745
769,839.0,466.97009
770,831.0,435.40927
771,825.0,405.68185
772,813.0,380.31063
773,807.0,354.20141
774,796.0,328.37298
775,784.0,305.32492
776,771.0,282.553
777,757.0,259.32623
778,741.0,236.98832
779,732.0,216.47227
780,697.0,194.81901
781,660.0,170.78459
782,620.0,147.12614
783,584.0,125.53554
784,532.0,104.8547
785,488.0,87.51817
786,435.0,75.99993
787,330.0,64.35173
788,196.0,50.23185
789,139.0,35.52713
790,0.0,22.52821
791,0.0,12.38854
792,0.0,5.28915
793,0.0,3.5671
794,0.0,6.36601
795,4.0,13.28438
796,151.0,24.83975
797,251.0,38.33532
798,367.0,51.81233
799,455.0,64.8275
800,518.0,77.18355
801,528.0,86.81264
802,500.0,86.68964
803,364.0,74.70723
804,215.0,56.91117
805,178.0,41.7098
806,225.0,36.66897
807,356.0,45.33956
808,474.0,62.96852
809,536.0,83.2966
810,592.0,105.36064
811,626.0,129.74085
812,670.0,152.61488
813,678.0,167.76983
814,666.0,169.52438
815,624.0,156.77378
816,591.0,136.77526
817,529.0,113.70632
818,517.0,93.82616
819,532.0,83.80253
820,565.0,87.77114
821,602.0,102.71259
822,619.0,121.57622
823,681.0,144.77282
824,709.0,172.12602
825,742.0,202.77246
826,762.0,233.80416
827,770.0,257.25143
828,768.0,265.57156
829,752.0,256.77102
830,734.0,233.46533
831,693.0,202.90475
832,648.0,172.42773
833,627.0,146.86155
834,628.0,130.33499
835,649.0,127.76817
836,686.0,141.42387
837,730.0,167.26158
838,753.0,199.82734
839,776.0,236.00198
840,789.0,270.77716
841,801.0,301.46539
842,809.0,330.16
843,811.0,351.76455
844,807.0,352.50488
845,794.0,333.79675
846,775.0,301.70675
847,752.0,262.66125
848,709.0,224.23774
849,697.0,191.91798
850,692.0,166.51428
851,723.0,166.13134
852,748.0,184.42173
853,764.0,213.555
854,785.0,244.96731
855,800.0,276.59777
856,812.0,310.50497
857,819.0,346.25723
858,830.0,380.59609
859,836.0,408.22549
860,831.0,417.65728
861,823.0,398.94915
862,811.0,365.6918
863,791.0,329.16671
864,774.0,290.58306
865,759.0,257.13305
866,742.0,227.25016
867,724.0,198.1842
868,741.0,184.72575
869,758.0,195.05805
870,774.0,219.23869
871,794.0,251.37046
872,809.0,286.72586
873,815.0,321.42443
874,826.0,357.59677
875,837.0,391.96813
876,842.0,422.08541
877,824.0,449.47344
878,850.0,475.12081
879,850.0,487.27032
880,848.0,483.79373
881,844.0,468.43685
882,837.0,445.58837
883,824.0,412.16622
884,808.0,369.82748
885,788.0,327.84152
886,773.0,290.58306
887,760.0,258.07763
888,750.0,232.06123
889,766.0,221.2462
890,788.0,235.63993
891,802.0,265.72705
892,813.0,299.12368
893,823.0,331.53625
894,833.0,363.02517
895,841.0,393.49755
896,847.0,423.4338
897,851.0,453.44668
898,854.0,483.5686
899,856.0,507.79101
900,854.0,511.69232
901,850.0,497.57476
902,840.0,467.6849
903,832.0,427.66699
904,821.0,386.89248
905,809.0,351.29342
906,794.0,317.69952
907,773.0,284.08474
908,756.0,250.1822
909,740.0,219.15747
910,713.0,194.38269
911,674.0,173.11004
912,634.0,152.12518
913,615.0,132.97608
914,586.0,116.28011
915,561.0,101.28992
916,501.0,89.29128
917,436.0,78.23024
918,378.0,67.52893
919,357.0,59.45015
920,300.0,54.36756
921,251.0,48.51212
922,191.0,42.32249
923,155.0,36.2489
924,159.0,31.1988
925,168.0,31.3218
926,218.0,36.49491
927,236.0,43.39703
928,254.0,50.19936
929,307.0,55.30749
930,332.0,60.04196
931,343.0,64.91801
932,367.0,69.61768
933,426.0,75.81659
934,449.0,83.30123
935,461.0,89.30752
936,490.0,95.84295
937,511.0,105.43955
938,520.0,117.12024
939,553.0,130.01704
940,548.0,137.94729
941,525.0,126.97212
942,451.0,104.93593
943,391.0,83.36854
944,457.0,71.90136
945,508.0,80.6555
946,536.0,100.19914
947,511.0,107.34262
948,491.0,99.18261
949,533.0,94.6106
950,555.0,107.04556
951,595.0,128.66864
952,616.0,146.95439
953,598.0,149.69064
954,583.0,137.82893
955,608.0,133.81854
956,619.0,142.13404
957,624.0,147.30252
958,638.0,155.66212
959,692.0,178.17176
960,706.0,204.51539
961,709.0,219.44291
962,735.0,228.55447
963,756.0,253.59381
964,755.0,270.61239
965,735.0,261.71435
966,719.0,234.57699
967,697.0,210.0552
968,676.0,190.80166
969,683.0,180.83837
970,701.0,183.20794
971,660.0,189.3558
972,603.0,174.91101
973,537.0,138.00299
974,536.0,110.87723
975,481.0,95.57374
976,478.0,83.34997
977,510.0,78.5041
978,559.0,95.11886
979,572.0,115.05703
980,502.0,112.16761
981,385.0,88.39311
982,435.0,69.74532
983,529.0,75.50096
984,574.0,97.66944
985,597.0,121.58318
986,620.0,139.31657
987,635.0,147.59262
988,654.0,155.67372
989,691.0,170.57803
990,719.0,193.35922
991,698.0,207.99896
992,659.0,189.38597
993,673.0,165.65092
994,721.0,172.72479
995,746.0,209.53997
996,770.0,249.87353
997,783.0,281.71752
998,794.0,307.55987
999,801.0,329.05529
1000,795.0,349.45068
1001,804.0,363.7423
1002,793.0,345.29409
1003,773.0,309.00341
1004,771.0,277.4681
1005,782.0,271.65908
1006,749.0,271.61267
1007,726.0,241.29345
1008,709.0,202.93724
1009,736.0,189.58091
1010,764.0,215.83172
1011,783.0,254.83081
1012,759.0,264.94726
1013,747.0,238.49687
1014,759.0,221.90531
1015,785.0,241.57427
1016,797.0,275.98043
1017,807.0,305.83547
1018,813.0,331.60125
1019,821.0,357.14187
1020,828.0,385.81332
1021,834.0,414.7052
1022,830.0,430.09225
1023,822.0,411.03833
1024,812.0,371.19909
1025,811.0,339.73803
1026,826.0,341.90106
1027,833.0,375.38354
1028,841.0,408.75695
1029,829.0,437.54904
1030,848.0,473.19223
1031,850.0,495.5162
1032,845.0,489.90676
1033,838.0,454.07562
1034,835.0,420.4887
1035,841.0,413.90454
1036,825.0,412.79748
1037,810.0,378.49343
1038,801.0,337.63073
1039,785.0,303.34524
1040,758.0,270.76788
1041,742.0,239.59461
1042,729.0,215.0937
1043,718.0,199.41888
1044,696.0,186.96534
1045,667.0,172.33489
1046,654.0,158.77433
1047,619.0,147.43016
1048,605.0,137.55043
1049,579.0,127.75193
1050,543.0,114.01499
1051,549.0,102.10453
1052,634.0,112.47164
1053,665.0,142.09924
1054,633.0,151.2247
1055,550.0,133.91137
1056,503.0,105.36064
1057,457.0,86.38329
1058,450.0,77.31816
1059,469.0,76.2854
1060,519.0,76.75885
1061,571.0,93.34575
1062,641.0,121.92202
1063,685.0,151.67262
1064,711.0,175.89503
1065,734.0,196.84741
1066,755.0,222.19078
1067,777.0,251.54916
1068,787.0,275.62536
1069,795.0,294.15014
1070,805.0,313.37817
1071,812.0,333.48574
1072,817.0,349.85916
1073,821.0,364.08114
1074,824.0,378.91351
1075,829.0,392.17932
1076,834.0,406.35025
1077,839.0,420.50958
1078,841.0,431.44296
1079,832.0,428.2565
1080,827.0,401.60882
1081,830.0,383.81741
1082,834.0,390.42709
1083,834.0,399.48062
1084,826.0,393.2492
1085,809.0,366.72686
1086,799.0,330.01846
1087,790.0,302.08505
1088,771.0,280.24844
1089,749.0,250.57209
1090,721.0,216.09629
1091,706.0,189.12371
1092,683.0,172.86172
1093,648.0,160.6983
1094,603.0,143.43139
1095,564.0,120.50632
1096,557.0,104.3859
1097,516.0,95.42057
1098,431.0,82.29632
1099,363.0,66.47528
1100,260.0,55.87145
1101,190.0,48.11758
1102,174.0,40.43103
1103,207.0,38.44208
1104,270.0,43.50379
1105,351.0,54.6739
1106,395.0,71.40007
1107,436.0,88.04035
1108,450.0,100.76541
1109,460.0,111.88447
1110,472.0,116.75588
1111,434.0,105.81784
1112,385.0,85.48745
1113,328.0,67.08334
1114,206.0,54.16332
1115,102.0,41.19689
1116,15.0,28.9244
1117,0.0,18.44589
1118,0.0,13.26581
1119,22.0,13.71605
1120,123.0,20.08671
1121,161.0,29.20057
1122,180.0,35.67566
1123,115.0,34.10911
1124,64.0,25.88644
1125,149.0,23.33122
1126,191.0,30.63252
1127,271.0,41.45683
1128,421.0,56.04551
1129,520.0,75.49632
1130,556.0,94.54562
1131,597.0,115.42372
1132,635.0,139.48831
1133,671.0,158.72096
1134,709.0,177.58691
1135,725.0,198.35594
1136,721.0,209.88113
1137,690.0,199.46994
1138,672.0,176.87442
1139,614.0,154.48313
1140,578.0,130.50906
1141,564.0,110.73799
1142,534.0,96.97551
1143,443.0,84.20172
1144,341.0,67.61481
1145,293.0,53.77807
1146,393.0,52.14189
1147,460.0,65.2731
1148,379.0,73.15229
1149,265.0,63.14258
1150,220.0,48.7094
1151,317.0,45.27458
1152,410.0,56.33793
1153,479.0,73.78123
1154,534.0,95.28828
1155,566.0,117.05758
1156,607.0,134.6378
1157,610.0,144.80763
1158,553.0,137.83357
1159,483.0,112.74317
1160,408.0,85.31339
1161,305.0,63.78545
1162,229.0,49.17124
1163,129.0,38.69273
1164,110.0,29.93859
1165,121.0,28.50665
1166,211.0,37.88044
1167,303.0,51.58489
1168,376.0,63.26094
1169,404.0,74.64689
1170,340.0,77.85659
1171,234.0,63.62995
1172,137.0,42.56386
1173,73.0,27.14433
1174,29.0,20.56712
1175,48.0,18.77312
1176,165.0,25.3248
1177,327.0,43.29492
1178,448.0,63.62995
1179,507.0,81.03611
1180,548.0,99.95777
1181,597.0,120.63629
1182,655.0,144.55001
1183,697.0,174.25653
1184,727.0,204.37615
1185,746.0,232.36758
1186,759.0,255.44581
1187,755.0,265.46481
1188,746.0,257.82467
1189,732.0,240.85017
1190,713.0,220.10899
1191,674.0,196.42037
1192,630.0,170.831
1193,585.0,145.61064
1194,533.0,119.88434
1195,487.0,97.7994
1196,420.0,81.02684
1197,359.0,67.56839
1198,436.0,61.20005
1199,503.0,69.87528
1200,564.0,84.98383
1201,579.0,101.86781
1202,591.0,116.02481
1203,613.0,125.00175
1204,659.0,137.94264
1205,682.0,157.68818
1206,722.0,184.2059
1207,733.0,209.46803
1208,746.0,228.13439
1209,769.0,249.38151
1210,779.0,272.00024
1211,786.0,288.18331
1212,784.0,297.18811
1213,779.0,291.87808
1214,767.0,277.80926
1215,753.0,260.5841
1216,736.0,238.42492
1217,710.0,209.98558
1218,691.0,185.20384
1219,690.0,170.88206
1220,713.0,172.09353
1221,737.0,188.75238
1222,756.0,215.23295
1223,774.0,242.55598
1224,786.0,266.15408
1225,797.0,290.84994
1226,804.0,318.13815
1227,815.0,345.21981
1228,821.0,370.45645
1229,822.0,389.08334
1230,821.0,391.64321
1231,818.0,380.12728
1232,809.0,359.8735
1233,793.0,329.75851
1234,773.0,294.31726
1235,750.0,256.38342
1236,719.0,220.64974
1237,694.0,191.55361
1238,691.0,174.71606
1239,714.0,171.76861
1240,732.0,181.81544
1241,746.0,199.70898
1242,765.0,224.16346
1243,788.0,251.91352
1244,798.0,280.87274
1245,808.0,309.85748
1246,808.0,328.98568
1247,802.0,324.52969
1248,796.0,306.29733
1249,777.0,285.58865
1250,749.0,252.62602
1251,706.0,210.0111
1252,690.0,176.0018
1253,677.0,160.84683
1254,616.0,146.74319
1255,545.0,121.67369
1256,417.0,92.51954
1257,288.0,66.88607
1258,185.0,49.0668
1259,209.0,39.04317
1260,356.0,43.98652
1261,443.0,63.04278
1262,486.0,84.5568
1263,495.0,104.0633
1264,429.0,100.91627
1265,341.0,76.99556
1266,255.0,55.68114
1267,135.0,42.1229
1268,154.0,33.14597
1269,199.0,33.51498
1270,340.0,46.38625
1271,408.0,65.2406
1272,307.0,70.15379
1273,255.0,55.51404
1274,249.0,42.64044
1275,376.0,49.01342
1276,445.0,69.40648
1277,479.0,90.05018
1278,513.0,111.57116
1279,586.0,139.13786
1280,647.0,170.46896
1281,675.0,196.33218
1282,680.0,208.96673
1283,632.0,202.6425
1284,562.0,176.5263
1285,530.0,143.68899
1286,555.0,124.98086
1287,612.0,129.66659
1288,673.0,160.36178
1289,711.0,201.58419
1290,721.0,232.66232
1291,754.0,254.28773
1292,770.0,281.07928
1293,775.0,300.50689
1294,773.0,301.21475
1295,771.0,294.06893
1296,760.0,285.50045
1297,719.0,263.35052
1298,699.0,225.91801
1299,687.0,200.28222
1300,683.0,188.32302
1301,699.0,184.48207
1302,710.0,189.96153
1303,719.0,200.05709
1304,742.0,217.58627
1305,765.0,246.44335
1306,780.0,277.04107
1307,785.0,300.99194
1308,789.0,318.53039
1309,791.0,331.65231
1310,790.0,335.8785
1311,784.0,330.2691
1312,773.0,309.92709
1313,747.0,277.57254
1314,728.0,246.64062
1315,723.0,223.19569
1316,601.0,201.18038
1317,587.0,154.30676
1318,551.0,121.38127
1319,579.0,113.75505
1320,649.0,127.50128
1321,719.0,167.79536
1322,727.0,205.17915
1323,722.0,212.15322
1324,643.0,192.52604
1325,585.0,153.22988
1326,530.0,120.72216
1327,460.0,97.84582
1328,384.0,76.41768
1329,319.0,60.13248
1330,322.0,52.4111
1331,392.0,54.82476
1332,477.0,66.8118
1333,508.0,84.57537
1334,554.0,101.65661
1335,545.0,110.99792
1336,492.0,104.19095
1337,369.0,83.49387
1338,234.0,60.08142
1339,124.0,42.68222
1340,144.0,32.84658
1341,135.0,26.79388
1342,149.0,25.84466
1343,138.0,29.69955
1344,148.0,31.89969
1345,28.0,25.89108
1346,0.0,17.51756
1347,80.0,16.60083
1348,240.0,28.80603
1349,331.0,46.13328
1350,337.0,56.57234
1351,173.0,52.97506
1352,31.0,34.97245
1353,117.0,23.28944
1354,351.0,33.21559
1355,457.0,58.81425
1356,548.0,86.23243
1357,589.0,113.5485
1358,668.0,145.49923
1359,699.0,183.62104
1360,693.0,200.48181
1361,652.0,188.7779
1362,581.0,155.87562
1363,516.0,118.38509
1364,426.0,91.68869
1365,350.0,70.83379
1366,296.0,55.61848
1367,420.0,54.45807
1368,509.0,71.66232
1369,566.0,97.90384
1370,602.0,122.89444
1371,598.0,136.80079
1372,528.0,125.82332
1373,420.0,95.44841
1374,360.0,67.95133
1375,434.0,57.34749
1376,510.0,69.41577
1377,575.0,94.28337
1378,589.0,118.42687
1379,623.0,137.00271
1380,659.0,154.19303
1381,701.0,176.04356
1382,725.0,199.53492
1383,737.0,222.40893
1384,764.0,248.7456
1385,784.0,279.98153
1386,795.0,311.62826
1387,803.0,338.47784
1388,809.0,356.70324
1389,815.0,369.52346
1390,812.0,374.52252
1391,807.0,362.807
1392,800.0,345.09451
1393,786.0,322.85406
1394,779.0,295.81417
1395,772.0,279.8655
1396,751.0,267.66262
1397,724.0,243.0155
1398,696.0,213.00961
1399,654.0,184.50527
1400,599.0,155.74798
1401,563.0,128.10237
1402,532.0,106.52802
1403,487.0,90.51203
1404,483.0,79.94533
1405,504.0,78.09796
1406,535.0,85.92376
1407,505.0,91.98343
1408,404.0,82.71407
1409,286.0,64.19392
1410,174.0,47.67431
1411,133.0,35.61764
1412,145.0,30.93423
1413,211.0,35.04208
1414,269.0,45.79212
1415,325.0,55.94107
1416,342.0,60.45507
1417,423.0,65.82545
1418,446.0,79.20963
1419,450.0,89.08705
1420,432.0,88.37223
1421,366.0,78.9613
1422,299.0,64.75788
1423,268.0,52.72441
1424,269.0,45.06106
1425,345.0,44.84523
1426,426.0,57.15486
1427,470.0,73.82765
1428,492.0,90.79981
1429,517.0,106.85061
1430,512.0,115.89717
1431,510.0,111.58277
1432,510.0,103.76624
1433,529.0,103.06303
1434,546.0,115.02222
1435,601.0,136.57336
1436,637.0,158.8927
1437,634.0,172.84779
1438,619.0,170.13475
1439,584.0,153.95863
1440,514.0,129.86387
1441,462.0,107.24283
1442,432.0,89.5164
1443,432.0,77.78
1444,478.0,74.45658
1445,491.0,80.27953
1446,474.0,84.30847
1447,355.0,76.72403
1448,232.0,59.77275
1449,134.0,42.32946
1450,82.0,29.0474
1451,121.0,22.84384
1452,160.0,27.57832
1453,271.0,40.86038
1454,331.0,54.54394
1455,325.0,61.78258
1456,316.0,60.68251
1457,297.0,55.91786
1458,243.0,51.67076
1459,168.0,42.88877
1460,168.0,35.1558
1461,226.0,37.33041
1462,247.0,44.23485
1463,175.0,44.04222
1464,159.0,35.72904
1465,179.0,30.82979
1466,231.0,35.93327
1467,303.0,48.38912
1468,355.0,60.00251
1469,415.0,68.63133
1470,417.0,74.0783
1471,332.0,72.26573
1472,265.0,61.92647
1473,201.0,48.54926
1474,167.0,37.77833
1475,145.0,31.79757
1476,178.0,30.04535
1477,171.0,31.5446
1478,167.0,34.41546
1479,176.0,34.59184
1480,137.0,30.78337
1481,160.0,28.01463
1482,144.0,30.40044
1483,167.0,35.68959
1484,175.0,38.21232
1485,141.0,34.17641
1486,135.0,28.88262
1487,135.0,26.36685
1488,147.0,26.24849
1489,140.0,26.74282
1490,81.0,25.33408
1491,16.0,22.63033
1492,48.0,21.8807
1493,137.0,25.63347
1494,155.0,31.11989
1495,144.0,32.45436
1496,130.0,30.05231
1497,91.0,26.77763
1498,21.0,22.92739
1499,20.0,21.38173
1500,38.0,22.01299
1501,32.0,21.42582
1502,15.0,21.50705
1503,87.0,23.63524
1504,99.0,25.90269
1505,36.0,24.70746
1506,18.0,22.49804
1507,91.0,23.60972
1508,79.0,25.782
1509,41.0,24.44057
1510,27.0,21.5465
1511,53.0,21.33763
1512,107.0,25.09968
1513,94.0,27.38801
1514,24.0,24.00658
1515,0.0,18.12561
1516,49.0,16.88862
1517,92.0,21.5465
1518,77.0,26.17422
1519,45.0,25.52439
1520,0.0,20.49749
1521,22.0,16.48247
1522,31.0,17.3435
1523,32.0,18.12561
1524,29.0,17.29244
1525,34.0,18.48302
1526,34.0,19.44384
1527,28.0,18.44357
1528,16.0,16.83524
1529,0.0,14.56315
1530,0.0,13.56288
1531,37.0,17.12766
1532,45.0,23.1618
1533,58.0,26.8519
1534,114.0,28.69231
1535,172.0,31.96931
1536,203.0,37.8085
1537,206.0,42.93519
1538,163.0,40.807
1539,27.0,32.85122
1540,19.0,22.61872
1541,30.0,17.82391
1542,38.0,19.36493
1543,29.0,19.57149
1544,136.0,21.32603
1545,209.0,33.78883
1546,255.0,47.89014
1547,265.0,53.01916
1548,286.0,54.44414
1549,260.0,55.22394
1550,183.0,49.30352
1551,86.0,35.79402
1552,120.0,26.37845
1553,129.0,26.37613
1554,50.0,26.14869
1555,0.0,20.98487
1556,0.0,15.25244
1557,0.0,13.46308
1558,34.0,16.64029
1559,125.0,22.59552
1560,188.0,29.6833
1561,194.0,37.07976
1562,220.0,43.58966
1563,236.0,47.85069
1564,313.0,52.35773
1565,353.0,61.30449
1566,422.0,73.43543
1567,446.0,81.21018
1568,444.0,84.45932
1569,473.0,84.3224
1570,526.0,94.23695
1571,588.0,122.34209
1572,626.0,144.50128
1573,640.0,156.81788
1574,627.0,160.33625
1575,607.0,153.13938
1576,551.0,139.9896
1577,533.0,124.25445
1578,516.0,111.84734
1579,484.0,100.56583
1580,446.0,87.91735
1581,396.0,76.91666
1582,344.0,68.2159
1583,273.0,59.27145
1584,179.0,48.55622
1585,139.0,37.63908
1586,153.0,28.70624
1587,148.0,26.69873
1588,152.0,29.37231
1589,22.0,26.23224
1590,0.0,16.18773
1591,0.0,7.63086
1592,0.0,4.63236
1593,0.0,1.14649
1594,0.0,-3.52997
1595,0.0,-2.2071
1596,0.0,7.03673
1597,53.0,18.55032
1598,0.0,24.4777
1599,0.0,21.11251
1600,0.0,15.29189
1601,0.0,11.37666
1602,0.0,10.2325
1603,0.0,13.50718
1604,113.0,21.73681
1605,170.0,31.00153
1606,184.0,36.89409
1607,237.0,41.4986
1608,301.0,49.89069
1609,314.0,57.49834
1610,248.0,56.99472
1611,182.0,48.26844
1612,163.0,37.34433
1613,146.0,31.95539
1614,86.0,30.1289
1615,52.0,27.15825
1616,0.0,22.4934
1617,0.0,18.10473
1618,0.0,14.61189
1619,0.0,11.5368
1620,0.0,8.38977
1621,0.0,6.90908
1622,0.0,9.24615
1623,69.0,17.15783
1624,194.0,27.69436
1625,255.0,39.54679
1626,302.0,51.45492
1627,335.0,60.51541
1628,356.0,66.0204
1629,326.0,66.76538
1630,261.0,60.44347
1631,186.0,48.31485
1632,75.0,35.97273
1633,0.0,26.50378
1634,0.0,18.7592
1635,0.0,13.49557
1636,0.0,10.44602
1637,0.0,8.83072
1638,23.0,9.86117
1639,0.0,16.9652
1640,150.0,21.40029
1641,188.0,32.1016
1642,255.0,42.15539
1643,218.0,47.29137
1644,152.0,42.80058
1645,91.0,33.19006
1646,128.0,28.4347
1647,184.0,31.44249
1648,309.0,44.07471
1649,405.0,60.76374
1650,464.0,74.7815
1651,492.0,85.70097
1652,530.0,95.92883
1653,558.0,106.57211
1654,560.0,116.37526
1655,566.0,121.36967
1656,543.0,118.75875
1657,484.0,106.29593
1658,368.0,85.9052
1659,259.0,65.04566
1660,148.0,46.85738
1661,31.0,31.55156
1662,0.0,18.81026
1663,0.0,7.94881
1664,0.0,1.49461
1665,0.0,-0.75659
1666,0.0,-1.08614
1667,7.0,4.42813
1668,110.0,18.05599
1669,140.0,26.35989
1670,180.0,33.15061
1671,259.0,40.36372
1672,325.0,52.97739
1673,453.0,69.11405
1674,505.0,85.78452
1675,542.0,102.06507
1676,564.0,119.40393
1677,605.0,133.71411
1678,632.0,143.09719
1679,638.0,147.80381
1680,623.0,148.16122
1681,587.0,142.66784
1682,555.0,128.8636
1683,470.0,106.92951
1684,335.0,83.01345
1685,258.0,61.97985
1686,178.0,46.29574
1687,143.0,35.70815
1688,124.0,30.43989
1689,151.0,29.87129
1690,153.0,31.31484
1691,116.0,31.0201
1692,132.0,31.5446
1693,218.0,40.00399
1694,279.0,54.25848
1695,244.0,60.17193
1696,98.0,48.73724
1697,0.0,29.9061
1698,0.0,18.32521
1699,28.0,17.6452
1700,178.0,25.50815
1701,283.0,40.7072
1702,426.0,59.44087
1703,471.0,76.32949
1704,484.0,87.49496
1705,483.0,91.78384
1706,464.0,88.95011
1707,449.0,83.03202
1708,363.0,77.06519
1709,302.0,66.80484
1710,214.0,52.87295
1711,137.0,39.7812
1712,109.0,29.90146
1713,83.0,23.96712
1714,189.0,27.56207
1715,418.0,49.85124
1716,505.0,83.44281
1717,542.0,111.83805
1718,619.0,136.82168
1719,662.0,163.80587
1720,700.0,191.65573
1721,714.0,214.18394
1722,726.0,229.88662
1723,735.0,243.68157
1724,743.0,252.93237
1725,747.0,260.81619
1726,748.0,265.05633
1727,739.0,259.85073
1728,727.0,246.56172
1729,708.0,225.73698
1730,676.0,202.56359
1731,643.0,180.73858
1732,607.0,159.12478
1733,554.0,139.16107
1734,557.0,121.50659
1735,563.0,112.67819
1736,585.0,119.12311
1737,560.0,125.1851
1738,478.0,112.52734
1739,424.0,88.79694
1740,311.0,68.92375
1741,452.0,62.18408
1742,519.0,75.89781
1743,500.0,88.37687
1744,424.0,82.21045
1745,288.0,65.3961
1746,246.0,49.00878
1747,312.0,46.28878
1748,389.0,58.9535
1749,374.0,68.59883
1750,423.0,68.65917
1751,528.0,84.05783
1752,537.0,114.86209
1753,517.0,116.41703
1754,495.0,103.32992
1755,503.0,94.99353
1756,523.0,99.70944
1757,515.0,103.55736
1758,448.0,95.44609
1759,406.0,82.97168
1760,284.0,67.72621
1761,166.0,52.59909
1762,144.0,41.41737
1763,154.0,33.69368
1764,0.0,26.58501
1765,0.0,17.08124
1766,0.0,10.42049
1767,79.0,16.91182
1768,185.0,29.37928
1769,160.0,36.55757
1770,59.0,32.93013
1771,131.0,27.67579
1772,133.0,30.44917
1773,0.0,27.63634
1774,0.0,15.25244
1775,184.0,16.28752
1776,347.0,39.3356
1777,463.0,69.65713
1778,543.0,95.42753
1779,553.0,112.1444
1780,462.0,109.80269
1781,445.0,93.17865
1782,467.0,80.75994
1783,532.0,87.34178
1784,498.0,98.78112
1785,298.0,84.70069
1786,151.0,53.45779
1787,176.0,36.19785
1788,257.0,41.81655
1789,249.0,52.3554
1790,239.0,53.04933
1791,378.0,55.48155
1792,451.0,73.50737
1793,436.0,88.1564
1794,408.0,83.84895
1795,466.0,78.88703
1796,531.0,94.82643
1797,616.0,125.11779
1798,631.0,147.04026
1799,630.0,153.18115
1800,658.0,156.49761
1801,702.0,182.42582
1802,729.0,220.94216
1803,729.0,241.35379
1804,689.0,232.08444
1805,645.0,197.33477
1806,645.0,164.47427
1807,651.0,152.5731
1808,526.0,144.4131
1809,299.0,104.24433
1810,198.0,58.81425
1811,354.0,48.13847
1812,459.0,68.16716
1813,389.0,82.32417
1814,301.0,69.66177
1815,430.0,60.95172
1816,484.0,79.43939
1817,552.0,110.55696
1818,598.0,138.78279
1819,637.0,161.78443
1820,650.0,180.14909
1821,654.0,181.78063
1822,646.0,181.10528
1823,617.0,172.09353
1824,586.0,152.89337
1825,550.0,136.52694
1826,541.0,129.22564
1827,489.0,119.12543
1828,323.0,91.93005
1829,188.0,59.61957
1830,387.0,50.27595
1831,432.0,71.79692
1832,394.0,82.35202
1833,405.0,71.52771
1834,480.0,76.2854
1835,606.0,112.10727
1836,663.0,157.58143
1837,689.0,195.32495
1838,713.0,221.16729
1839,721.0,235.47515
1840,727.0,241.56034
1841,741.0,249.99653
1842,766.0,273.1444
1843,783.0,313.07644
1844,782.0,336.69778
1845,746.0,315.85449
1846,718.0,269.44268
1847,722.0,233.76239
1848,695.0,221.67323
1849,659.0,210.25479
1850,602.0,179.42268
1851,536.0,142.99275
1852,552.0,119.94004
1853,609.0,118.62878
1854,677.0,139.14019
1855,736.0,191.29368
1856,662.0,223.09822
1857,557.0,175.57708
1858,520.0,126.91178
1859,466.0,99.61429
1860,450.0,82.13619
1861,501.0,78.7269
1862,563.0,94.58739
1863,631.0,123.38878
1864,641.0,144.123
1865,656.0,154.2557
1866,686.0,167.53776
1867,716.0,192.62583
1868,729.0,217.04319
1869,745.0,234.73713
1870,765.0,259.32623
1871,781.0,291.39535
1872,787.0,317.29803
1873,795.0,337.77462
1874,797.0,352.7091
1875,800.0,363.8421
1876,798.0,368.52551
1877,788.0,358.34173
1878,774.0,329.34075
1879,745.0,291.02633
1880,718.0,256.85687
1881,667.0,220.02313
1882,638.0,186.89108
1883,619.0,162.38786
1884,609.0,143.255
1885,553.0,130.89895
1886,525.0,114.79246
1887,456.0,93.83081
1888,335.0,74.8813
1889,332.0,60.94476
1890,436.0,58.25493
1891,525.0,71.47201
1892,622.0,100.92091
1893,649.0,130.20039
1894,647.0,143.74702
1895,610.0,144.87493
1896,545.0,130.56011
1897,456.0,102.92146
1898,285.0,73.3101
1899,154.0,49.2455
1900,156.0,33.4732
1901,158.0,29.70651
1902,214.0,36.48099
1903,246.0,45.80604
1904,402.0,56.53984
1905,457.0,77.23229
1906,443.0,89.97592
1907,362.0,81.87625
1908,267.0,63.189
1909,176.0,46.60209
1910,159.0,35.61996
1911,0.0,26.29258
1912,0.0,16.7308
1913,0.0,14.14308
1914,188.0,23.865
1915,228.0,37.84563
1916,98.0,41.80031
1917,0.0,28.23279
1918,178.0,21.51169
1919,326.0,38.56276
1920,448.0,66.22
1921,508.0,88.81319
1922,572.0,109.27819
1923,637.0,135.48489
1924,651.0,159.8744
1925,640.0,162.90075
1926,558.0,145.11398
1927,528.0,119.69635
1928,454.0,99.32651
1929,426.0,85.7938
1930,453.0,77.67789
1931,461.0,79.62042
1932,405.0,79.05877
1933,302.0,65.56552
1934,338.0,55.35158
1935,472.0,65.45412
1936,514.0,85.46192
1937,438.0,88.13783
1938,291.0,69.05371
1939,206.0,49.13642
1940,197.0,40.44263
1941,269.0,43.3715
1942,437.0,60.72661
1943,498.0,86.3624
1944,523.0,109.87232
1945,576.0,127.76817
1946,608.0,144.98866
1947,605.0,153.74279
1948,516.0,142.51698
1949,448.0,114.47219
1950,281.0,77.30656
1951,130.0,46.83881
1952,121.0,30.04999
1953,155.0,28.56003
1954,221.0,39.26597
1955,186.0,46.93629
1956,152.0,39.86242
1957,106.0,29.37463
1958,194.0,29.18201
1959,339.0,45.50666
1960,449.0,68.6847
1961,488.0,89.34001
1962,513.0,104.86862
1963,519.0,112.76174
1964,461.0,107.78822
1965,295.0,86.34384
1966,148.0,57.11773
1967,148.0,36.35798
1968,152.0,29.65777
1969,168.0,34.13
1970,167.0,36.37655
1971,139.0,31.67921
1972,234.0,32.89764
1973,384.0,50.70762
1974,353.0,67.41986
1975,150.0,59.68223
1976,0.0,33.86774
1977,0.0,12.14254
1978,0.0,6.62594
1979,216.0,18.75688
1980,419.0,46.53943
1981,534.0,83.21768
1982,629.0,121.61335
1983,690.0,161.35276
1984,732.0,207.46052
1985,756.0,251.50738
1986,771.0,282.14688
1987,772.0,296.16232
1988,748.0,287.38961
1989,714.0,250.14274
1990,643.0,201.85574
1991,536.0,150.33119
1992,448.0,105.56719
1993,449.0,82.94151
1994,539.0,86.30206
1995,644.0,114.97116
1996,718.0,161.38293
1997,753.0,215.34436
1998,780.0,265.51354
1999,793.0,310.67672
2000,783.0,350.3233
2001,814.0,387.85794
2002,818.0,414.95123
2003,822.0,435.73184
2004,822.0,446.16162
2005,812.0,430.72119
2006,794.0,387.35433
2007,769.0,333.76193
2008,735.0,277.98794
2009,686.0,227.81179
2010,645.0,184.8302
2011,553.0,145.71507
2012,522.0,114.21225
2013,419.0,92.86998
2014,427.0,76.18096
2015,494.0,76.72867
2016,560.0,97.16118
2017,648.0,125.01567
2018,665.0,153.23222
2019,700.0,180.51347
2020,610.0,182.11715
2021,245.0,126.38496
2022,0.0,47.23103
2023,0.0,-8.05325
2024,0.0,-11.76192
2025,0.0,-7.5125
2026,0.0,0.7798
2027,0.0,-0.91208
2028,0.0,-0.77051
2029,0.0,1.20219
2030,0.0,-2.64109
2031,0.0,-1.34608
