======== 46 em diante

sensor vai de 0 a 4096
resistencia do resistor Rm: 3,208 10e3

configuração da probe:

   ______
  |     |
  |     z <- FSR
  _     |_________ <- Vout (com aterramento em -)
  -     |         
  |	z <- Rm
  |_____|
  

procedimento:
	intervalo de pesos: 0g -> 1000g
	
	intervalo de amostragem: raizes do polinômio de chebychev de grau 5 mapeados no intervalo de sensibilidade do sensor
		24,47
		206,10
		500,0
		793,89
		975,52
	
	

19:45:31.186 -> 0,0,0,0,0,0,0,0,0,0,0,0,0,0,0,0,
19:45:31.352 -> 0,0,0,0,0,0,0,0,0,0,0,0,0,0,0,0,
19:45:31.485 -> 0,0,0,0,0,0,0,0,0,0,0,0,0,0,0,0,
19:45:31.651 -> 0,0,0,0,0,0,0,0,0,0,0,0,0,0,0,0,
19:45:31.817 -> 0,0,0,0,0,0,0,0,0,0,0,0,0,0,0,0,
19:45:31.983 -> 0,0,0,0,0,0,0,0,0,0,0,0,0,0,0,0,
19:45:32.149 -> 0,0,0,0,0,0,0,0,0,0,0,0,0,0,0,0,
19:45:32.316 -> 0,0,0,0,0,0,0,0,0,0,0,0,0,0,0,0,
19:45:32.448 -> 0,0,0,0,0,0,0,0,0,0,0,0,0,0,0,0,
19:45:32.614 -> 0,0,0,0,0,0,0,0,0,0,0,0,0,0,0,0,
19:45:32.781 -> 0,0,0,0,0,0,0,0,0,0,0,0,0,0,0,0,
19:45:32.947 -> 0,0,0,0,0,0,0,0,0,0,0,0,0,0,0,0,
19:45:33.113 -> 0,0,0,0,0,0,0,0,0,0,0,0,0,0,0,0,
19:45:33.413 -> 0,0,0,0,0,0,0,0,0,0,0,0,0,0,0,0,
19:45:33.579 -> 0,0,0,0,0,0,0,0,0,0,0,0,0,0,0,0,
19:45:36.607 -> 0,0,0,0,0,0,0,0,0,0,0,0,0,0,0,0,
19:45:36.773 -> 0,0,0,0,0,0,0,0,0,0,0,0,0,0,0,0,
19:45:36.939 -> 0,0,0,0,0,0,0,0,0,0,0,0,0,0,0,0,
19:45:37.072 -> 0,0,0,0,0,0,0,0,0,0,0,0,0,0,0,0,
19:45:37.238 -> 0,0,0,0,0,0,0,0,0,0,0,0,0,0,0,0,
19:45:37.404 -> 0,0,0,0,0,0,0,0,0,0,0,0,0,0,0,0,
19:45:37.570 -> 0,0,0,0,0,0,0,0,0,0,0,0,0,0,0,0,
19:45:37.737 -> 48,0,0,0,0,0,0,0,0,0,0,0,0,0,0,0,
19:45:37.870 -> 313,0,0,0,0,0,0,0,0,0,0,0,0,0,0,0,
19:45:38.036 -> 1507,0,0,0,0,0,0,0,0,0,0,0,0,0,0,0,
19:45:38.203 -> 1995,0,0,0,0,0,0,0,0,0,0,0,0,0,0,0,
19:45:38.369 -> 2083,0,0,0,0,0,0,0,0,0,0,0,0,0,0,0,
19:45:38.535 -> 2157,0,0,0,0,0,0,0,0,0,0,0,0,0,0,0,
19:45:38.701 -> 134,0,0,0,0,0,0,0,0,0,0,0,0,0,0,0,
19:45:38.834 -> 0,0,0,0,0,0,0,0,0,0,0,0,0,0,0,0,
19:45:39.000 -> 0,0,0,0,0,0,0,0,0,0,0,0,0,0,0,0,
19:45:39.167 -> 0,0,0,0,0,0,0,0,0,0,0,0,0,0,0,0,
19:45:39.332 -> 0,0,0,0,0,0,0,0,0,0,0,0,0,0,0,0,
19:45:39.498 -> 0,0,0,0,0,0,0,0,0,0,0,0,0,0,0,0,
19:45:39.631 -> 253,0,0,0,0,0,0,0,0,0,0,0,0,0,0,0,
19:45:39.797 -> 730,0,0,0,0,0,0,0,0,0,0,0,0,0,0,0,
19:45:39.963 -> 1381,0,0,0,0,0,0,0,0,0,0,0,0,0,0,0,
19:45:40.129 -> 398,0,0,0,0,0,0,0,0,0,0,0,0,0,0,0,
19:45:40.296 -> 0,0,0,0,0,0,0,0,0,0,0,0,0,0,0,0,
19:45:40.462 -> 0,0,0,0,0,0,0,0,0,0,0,0,0,0,0,0,
19:45:40.595 -> 0,0,0,0,0,0,0,0,0,0,0,0,0,0,0,0,
19:45:40.761 -> 0,0,0,0,0,0,0,0,0,0,0,0,0,0,0,0,
19:45:40.928 -> 0,0,0,0,0,0,0,0,0,0,0,0,0,0,0,0,
19:45:41.095 -> 0,0,0,0,0,0,0,0,0,0,0,0,0,0,0,0,
19:45:41.261 -> 0,0,0,0,0,0,0,0,0,0,0,0,0,0,0,0,
19:45:41.394 -> 0,0,0,0,0,0,0,0,0,0,0,0,0,0,0,0,
19:45:41.560 -> 0,0,0,0,0,0,0,0,0,0,0,0,0,0,0,0,
19:45:41.727 -> 0,0,0,0,0,0,0,0,0,0,0,0,0,0,0,0,
19:45:41.893 -> 0,0,0,0,0,0,0,0,0,0,0,0,0,0,0,0,
19:45:42.059 -> 0,0,0,0,0,0,0,0,0,0,0,0,0,0,0,0,
19:45:42.192 -> 0,0,0,0,0,0,0,0,0,0,0,0,0,0,0,0,
19:45:42.358 -> 0,0,0,0,0,0,0,0,0,0,0,0,0,0,0,0,
19:45:42.525 -> 0,0,0,0,0,0,0,0,0,0,0,0,0,0,0,0,
19:45:42.691 -> 0,0,0,0,0,0,0,0,0,0,0,0,0,0,0,0,
19:45:42.857 -> 0,0,0,0,0,0,0,0,0,0,0,0,0,0,0,0,
19:45:42.990 -> 0,0,0,0,0,0,0,0,0,0,0,0,0,0,0,0,
19:45:43.156 -> 0,0,0,0,0,0,0,0,0,0,0,0,0,0,0,0,
19:45:43.322 -> 1630,0,0,0,0,0,0,0,0,0,0,0,0,0,0,0,
19:45:43.489 -> 2343,0,0,0,0,0,0,0,0,0,0,0,0,0,0,0,
19:45:43.655 -> 2439,0,0,0,0,0,0,0,0,0,0,0,0,0,0,0,
19:45:43.821 -> 2702,0,0,0,0,0,0,0,0,0,0,0,0,0,0,0,
19:45:43.954 -> 2738,0,0,0,0,0,0,0,0,0,0,0,0,0,0,0,
19:45:44.121 -> 2752,0,0,0,0,0,0,0,0,0,0,0,0,0,0,0,
19:45:44.287 -> 2799,0,0,0,0,0,0,0,0,0,0,0,0,0,0,0,
19:45:44.453 -> 2839,0,0,0,0,0,0,0,0,0,0,0,0,0,0,0,
19:45:44.620 -> 2871,0,0,0,0,0,0,0,0,0,0,0,0,0,0,0,
19:45:44.753 -> 2896,0,0,0,0,0,0,0,0,0,0,0,0,0,0,0,
19:45:44.920 -> 2902,0,0,0,0,0,0,0,0,0,0,0,0,0,0,0,
19:45:45.086 -> 2919,0,0,0,0,0,0,0,0,0,0,0,0,0,0,0,
19:45:45.252 -> 2919,0,0,0,0,0,0,0,0,0,0,0,0,0,0,0,
19:45:45.418 -> 2893,0,0,0,0,0,0,0,0,0,0,0,0,0,0,0,
19:45:45.551 -> 2766,0,0,0,0,0,0,0,0,0,0,0,0,0,0,0,
19:45:45.718 -> 19,0,0,0,0,0,0,0,0,0,0,0,0,0,0,0,
19:45:45.884 -> 0,0,0,0,0,0,0,0,0,0,0,0,0,0,0,0,
19:45:46.050 -> 0,0,0,0,0,0,0,0,0,0,0,0,0,0,0,0,
19:45:46.216 -> 0,0,0,0,0,0,0,0,0,0,0,0,0,0,0,0,
19:45:46.349 -> 0,0,0,0,0,0,0,0,0,0,0,0,0,0,0,0,
19:45:46.516 -> 0,0,0,0,0,0,0,0,0,0,0,0,0,0,0,0,

================================================== aqui começa a leitura de tampa + seringa

19:46:00.760 -> 0,0,0,0,0,0,0,0,0,0,0,0,0,0,0,0,
19:46:00.926 -> 0,0,0,0,0,0,0,0,0,0,0,0,0,0,0,0,
19:46:40.450 -> 0,0,0,0,0,0,0,0,0,0,0,0,0,0,0,0,
19:46:40.616 -> 0,0,0,0,0,0,0,0,0,0,0,0,0,0,0,0,
19:46:40.782 -> 0,0,0,0,0,0,0,0,0,0,0,0,0,0,0,0,
19:46:40.949 -> 0,0,0,0,0,0,0,0,0,0,0,0,0,0,0,0,
19:46:41.115 -> 0,0,0,0,0,0,0,0,0,0,0,0,0,0,0,0,
19:46:41.281 -> 0,0,0,0,0,0,0,0,0,0,0,0,0,0,0,0,
19:46:41.414 -> 0,0,0,0,0,0,0,0,0,0,0,0,0,0,0,0,
19:46:41.581 -> 0,0,0,0,0,0,0,0,0,0,0,0,0,0,0,0,
19:46:41.747 -> 0,0,0,0,0,0,0,0,0,0,0,0,0,0,0,0,
19:46:41.913 -> 0,0,0,0,0,0,0,0,0,0,0,0,0,0,0,0,
19:46:42.079 -> 0,0,0,0,0,0,0,0,0,0,0,0,0,0,0,0,
19:46:42.213 -> 0,0,0,0,0,0,0,0,0,0,0,0,0,0,0,0,
19:46:42.379 -> 0,0,0,0,0,0,0,0,0,0,0,0,0,0,0,0,

---

19:46:49.368 -> 0,0,0,0,0,0,0,0,0,0,0,0,0,0,0,0,
19:46:49.501 -> 0,0,0,0,0,0,0,0,0,0,0,0,0,0,0,0,
19:46:49.667 -> 0,0,0,0,0,0,0,0,0,0,0,0,0,0,0,0,
19:46:49.834 -> 0,0,0,0,0,0,0,0,0,0,0,0,0,0,0,0,
19:46:50.000 -> 0,0,0,0,0,0,0,0,0,0,0,0,0,0,0,0,
19:46:50.166 -> 0,0,0,0,0,0,0,0,0,0,0,0,0,0,0,0,
19:46:50.299 -> 0,0,0,0,0,0,0,0,0,0,0,0,0,0,0,0,
19:46:50.465 -> 0,0,0,0,0,0,0,0,0,0,0,0,0,0,0,0,
19:46:50.631 -> 0,0,0,0,0,0,0,0,0,0,0,0,0,0,0,0,

==================================================

19:48:07.059 -> 749,0,0,0,0,0,0,0,0,0,0,0,0,0,0,0,
19:48:07.225 -> 717,0,0,0,0,0,0,0,0,0,0,0,0,0,0,0,
19:48:07.392 -> 729,0,0,0,0,0,0,0,0,0,0,0,0,0,0,0,
19:48:07.524 -> 745,0,0,0,0,0,0,0,0,0,0,0,0,0,0,0,
19:48:07.691 -> 702,0,0,0,0,0,0,0,0,0,0,0,0,0,0,0,
19:48:07.857 -> 737,0,0,0,0,0,0,0,0,0,0,0,0,0,0,0,
19:48:08.023 -> 742,0,0,0,0,0,0,0,0,0,0,0,0,0,0,0,
19:48:08.190 -> 705,0,0,0,0,0,0,0,0,0,0,0,0,0,0,0,
19:48:08.323 -> 745,0,0,0,0,0,0,0,0,0,0,0,0,0,0,0,
19:48:08.489 -> 741,0,0,0,0,0,0,0,0,0,0,0,0,0,0,0,
19:48:08.655 -> 720,0,0,0,0,0,0,0,0,0,0,0,0,0,0,0,
19:48:08.821 -> 746,0,0,0,0,0,0,0,0,0,0,0,0,0,0,0,
19:48:08.988 -> 730,0,0,0,0,0,0,0,0,0,0,0,0,0,0,0,
19:48:09.154 -> 736,0,0,0,0,0,0,0,0,0,0,0,0,0,0,0,
19:48:09.286 -> 749,0,0,0,0,0,0,0,0,0,0,0,0,0,0,0,
19:48:09.452 -> 725,0,0,0,0,0,0,0,0,0,0,0,0,0,0,0,
19:48:09.619 -> 726,0,0,0,0,0,0,0,0,0,0,0,0,0,0,0,
19:48:09.785 -> 752,0,0,0,0,0,0,0,0,0,0,0,0,0,0,0,
19:48:09.951 -> 729,0,0,0,0,0,0,0,0,0,0,0,0,0,0,0,

---

19:48:18.306 -> 431,0,0,0,0,0,0,0,0,0,0,0,0,0,0,0,
19:48:18.473 -> 541,0,0,0,0,0,0,0,0,0,0,0,0,0,0,0,
19:48:18.639 -> 432,0,0,0,0,0,0,0,0,0,0,0,0,0,0,0,
19:48:18.805 -> 469,0,0,0,0,0,0,0,0,0,0,0,0,0,0,0,
19:48:18.971 -> 511,0,0,0,0,0,0,0,0,0,0,0,0,0,0,0,
19:48:19.104 -> 431,0,0,0,0,0,0,0,0,0,0,0,0,0,0,0,
19:48:19.270 -> 497,0,0,0,0,0,0,0,0,0,0,0,0,0,0,0,
19:48:19.436 -> 509,0,0,0,0,0,0,0,0,0,0,0,0,0,0,0,
19:48:19.602 -> 432,0,0,0,0,0,0,0,0,0,0,0,0,0,0,0,
19:48:19.768 -> 528,0,0,0,0,0,0,0,0,0,0,0,0,0,0,0,
19:48:19.901 -> 496,0,0,0,0,0,0,0,0,0,0,0,0,0,0,0,
19:48:20.068 -> 445,0,0,0,0,0,0,0,0,0,0,0,0,0,0,0,
19:48:20.235 -> 528,0,0,0,0,0,0,0,0,0,0,0,0,0,0,0,
19:48:20.401 -> 493,0,0,0,0,0,0,0,0,0,0,0,0,0,0,0,
19:48:20.567 -> 471,0,0,0,0,0,0,0,0,0,0,0,0,0,0,0,
19:48:20.700 -> 523,0,0,0,0,0,0,0,0,0,0,0,0,0,0,0,
19:48:20.866 -> 476,0,0,0,0,0,0,0,0,0,0,0,0,0,0,0,
19:48:21.033 -> 493,0,0,0,0,0,0,0,0,0,0,0,0,0,0,0,

==================================================

19:50:29.857 -> 1535,0,0,0,0,0,0,0,0,0,0,0,0,0,0,0,
19:50:30.023 -> 1584,0,0,0,0,0,0,0,0,0,0,0,0,0,0,0,
19:50:30.189 -> 1555,0,0,0,0,0,0,0,0,0,0,0,0,0,0,0,
19:50:41.592 -> 1617,0,0,0,0,0,0,0,0,0,0,0,0,0,0,0,
19:50:41.758 -> 1621,0,0,0,0,0,0,0,0,0,0,0,0,0,0,0,
19:50:41.924 -> 1622,0,0,0,0,0,0,0,0,0,0,0,0,0,0,0,
19:50:42.090 -> 1621,0,0,0,0,0,0,0,0,0,0,0,0,0,0,0,
19:50:42.257 -> 1621,0,0,0,0,0,0,0,0,0,0,0,0,0,0,0,
19:50:42.390 -> 1622,0,0,0,0,0,0,0,0,0,0,0,0,0,0,0,
19:50:42.556 -> 1621,0,0,0,0,0,0,0,0,0,0,0,0,0,0,0,
19:50:42.722 -> 1623,0,0,0,0,0,0,0,0,0,0,0,0,0,0,0,
19:50:42.888 -> 1621,0,0,0,0,0,0,0,0,0,0,0,0,0,0,0,
19:50:43.055 -> 1622,0,0,0,0,0,0,0,0,0,0,0,0,0,0,0,
19:50:43.188 -> 1622,0,0,0,0,0,0,0,0,0,0,0,0,0,0,0,
19:50:43.354 -> 1623,0,0,0,0,0,0,0,0,0,0,0,0,0,0,0,
19:50:43.520 -> 1623,0,0,0,0,0,0,0,0,0,0,0,0,0,0,0,
19:50:43.686 -> 1622,0,0,0,0,0,0,0,0,0,0,0,0,0,0,0,

---

19:50:52.804 -> 1698,0,0,0,0,0,0,0,0,0,0,0,0,0,0,0,
19:50:52.971 -> 1643,0,0,0,0,0,0,0,0,0,0,0,0,0,0,0,
19:50:53.137 -> 1680,0,0,0,0,0,0,0,0,0,0,0,0,0,0,0,
19:50:53.304 -> 1706,0,0,0,0,0,0,0,0,0,0,0,0,0,0,0,
19:50:53.436 -> 1651,0,0,0,0,0,0,0,0,0,0,0,0,0,0,0,
19:50:53.602 -> 1664,0,0,0,0,0,0,0,0,0,0,0,0,0,0,0,
19:50:53.769 -> 1699,0,0,0,0,0,0,0,0,0,0,0,0,0,0,0,
19:50:53.935 -> 1675,0,0,0,0,0,0,0,0,0,0,0,0,0,0,0,
19:50:54.101 -> 1658,0,0,0,0,0,0,0,0,0,0,0,0,0,0,0,
19:50:54.268 -> 1686,0,0,0,0,0,0,0,0,0,0,0,0,0,0,0,
19:50:54.401 -> 1686,0,0,0,0,0,0,0,0,0,0,0,0,0,0,0,
19:50:54.567 -> 1658,0,0,0,0,0,0,0,0,0,0,0,0,0,0,0,
19:50:54.734 -> 1673,0,0,0,0,0,0,0,0,0,0,0,0,0,0,0,
19:50:54.900 -> 1686,0,0,0,0,0,0,0,0,0,0,0,0,0,0,0,
19:50:55.067 -> 1670,0,0,0,0,0,0,0,0,0,0,0,0,0,0,0,
19:50:55.200 -> 1667,0,0,0,0,0,0,0,0,0,0,0,0,0,0,0,
19:50:55.365 -> 1689,0,0,0,0,0,0,0,0,0,0,0,0,0,0,0,
19:50:55.532 -> 1681,0,0,0,0,0,0,0,0,0,0,0,0,0,0,0,

==================================================

19:51:35.100 -> 2149,0,0,0,0,0,0,0,0,0,0,0,0,0,0,0,
19:51:35.266 -> 2122,0,0,0,0,0,0,0,0,0,0,0,0,0,0,0,
19:51:35.432 -> 2083,0,0,0,0,0,0,0,0,0,0,0,0,0,0,0,
19:51:35.565 -> 2141,0,0,0,0,0,0,0,0,0,0,0,0,0,0,0,
19:51:35.731 -> 2160,0,0,0,0,0,0,0,0,0,0,0,0,0,0,0,
19:51:35.897 -> 2124,0,0,0,0,0,0,0,0,0,0,0,0,0,0,0,
19:51:36.064 -> 2112,0,0,0,0,0,0,0,0,0,0,0,0,0,0,0,
19:51:36.231 -> 2160,0,0,0,0,0,0,0,0,0,0,0,0,0,0,0,
19:51:36.364 -> 2167,0,0,0,0,0,0,0,0,0,0,0,0,0,0,0,
19:51:36.530 -> 2126,0,0,0,0,0,0,0,0,0,0,0,0,0,0,0,
19:51:36.696 -> 2128,0,0,0,0,0,0,0,0,0,0,0,0,0,0,0,
19:51:36.862 -> 2174,0,0,0,0,0,0,0,0,0,0,0,0,0,0,0,
19:51:37.028 -> 2165,0,0,0,0,0,0,0,0,0,0,0,0,0,0,0,
19:51:37.195 -> 2127,0,0,0,0,0,0,0,0,0,0,0,0,0,0,0,
19:51:37.328 -> 2153,0,0,0,0,0,0,0,0,0,0,0,0,0,0,0,
19:51:37.494 -> 2178,0,0,0,0,0,0,0,0,0,0,0,0,0,0,0,
19:51:37.661 -> 2163,0,0,0,0,0,0,0,0,0,0,0,0,0,0,0,
19:51:37.827 -> 2134,0,0,0,0,0,0,0,0,0,0,0,0,0,0,0,
19:51:37.993 -> 2164,0,0,0,0,0,0,0,0,0,0,0,0,0,0,0,
19:51:38.126 -> 2178,0,0,0,0,0,0,0,0,0,0,0,0,0,0,0,
19:51:38.293 -> 2158,0,0,0,0,0,0,0,0,0,0,0,0,0,0,0,
19:51:38.459 -> 2144,0,0,0,0,0,0,0,0,0,0,0,0,0,0,0,
19:51:38.625 -> 2177,0,0,0,0,0,0,0,0,0,0,0,0,0,0,0,

---

19:51:46.204 -> 2119,0,0,0,0,0,0,0,0,0,0,0,0,0,0,0,
19:51:46.370 -> 2112,0,0,0,0,0,0,0,0,0,0,0,0,0,0,0,
19:51:46.536 -> 2137,0,0,0,0,0,0,0,0,0,0,0,0,0,0,0,
19:51:46.702 -> 2128,0,0,0,0,0,0,0,0,0,0,0,0,0,0,0,
19:51:46.868 -> 2128,0,0,0,0,0,0,0,0,0,0,0,0,0,0,0,
19:51:47.001 -> 2123,0,0,0,0,0,0,0,0,0,0,0,0,0,0,0,
19:51:47.168 -> 2139,0,0,0,0,0,0,0,0,0,0,0,0,0,0,0,
19:51:47.334 -> 2128,0,0,0,0,0,0,0,0,0,0,0,0,0,0,0,
19:51:47.500 -> 2129,0,0,0,0,0,0,0,0,0,0,0,0,0,0,0,
19:51:47.666 -> 2138,0,0,0,0,0,0,0,0,0,0,0,0,0,0,0,
19:51:47.799 -> 2135,0,0,0,0,0,0,0,0,0,0,0,0,0,0,0,
19:51:47.965 -> 2135,0,0,0,0,0,0,0,0,0,0,0,0,0,0,0,
19:51:48.131 -> 2130,0,0,0,0,0,0,0,0,0,0,0,0,0,0,0,
19:51:48.297 -> 2145,0,0,0,0,0,0,0,0,0,0,0,0,0,0,0,
19:51:48.463 -> 2135,0,0,0,0,0,0,0,0,0,0,0,0,0,0,0,
19:51:48.596 -> 2137,0,0,0,0,0,0,0,0,0,0,0,0,0,0,0,
19:51:48.762 -> 2139,0,0,0,0,0,0,0,0,0,0,0,0,0,0,0,
19:51:48.928 -> 2141,0,0,0,0,0,0,0,0,0,0,0,0,0,0,0,
19:51:49.094 -> 2135,0,0,0,0,0,0,0,0,0,0,0,0,0,0,0,
19:51:49.261 -> 2142,0,0,0,0,0,0,0,0,0,0,0,0,0,0,0,
19:51:49.427 -> 2145,0,0,0,0,0,0,0,0,0,0,0,0,0,0,0,
19:51:49.560 -> 2143,0,0,0,0,0,0,0,0,0,0,0,0,0,0,0,

==================================================

19:52:14.681 -> 2225,0,0,0,0,0,0,0,0,0,0,0,0,0,0,0,
19:52:14.847 -> 2288,0,0,0,0,0,0,0,0,0,0,0,0,0,0,0,
19:52:15.013 -> 2314,0,0,0,0,0,0,0,0,0,0,0,0,0,0,0,
19:52:15.180 -> 2224,0,0,0,0,0,0,0,0,0,0,0,0,0,0,0,
19:52:15.346 -> 2247,0,0,0,0,0,0,0,0,0,0,0,0,0,0,0,
19:52:15.479 -> 2320,0,0,0,0,0,0,0,0,0,0,0,0,0,0,0,
19:52:15.645 -> 2289,0,0,0,0,0,0,0,0,0,0,0,0,0,0,0,
19:52:15.811 -> 2231,0,0,0,0,0,0,0,0,0,0,0,0,0,0,0,
19:52:15.977 -> 2275,0,0,0,0,0,0,0,0,0,0,0,0,0,0,0,
19:52:16.143 -> 2337,0,0,0,0,0,0,0,0,0,0,0,0,0,0,0,
19:52:16.277 -> 2283,0,0,0,0,0,0,0,0,0,0,0,0,0,0,0,
19:52:16.443 -> 2252,0,0,0,0,0,0,0,0,0,0,0,0,0,0,0,
19:52:16.609 -> 2288,0,0,0,0,0,0,0,0,0,0,0,0,0,0,0,
19:52:16.775 -> 2343,0,0,0,0,0,0,0,0,0,0,0,0,0,0,0,
19:52:16.942 -> 2284,0,0,0,0,0,0,0,0,0,0,0,0,0,0,0,
19:52:17.108 -> 2277,0,0,0,0,0,0,0,0,0,0,0,0,0,0,0,
19:52:17.241 -> 2320,0,0,0,0,0,0,0,0,0,0,0,0,0,0,0,
19:52:17.407 -> 2341,0,0,0,0,0,0,0,0,0,0,0,0,0,0,0,
19:52:17.573 -> 2288,0,0,0,0,0,0,0,0,0,0,0,0,0,0,0,
19:52:17.740 -> 2294,0,0,0,0,0,0,0,0,0,0,0,0,0,0,0,
19:52:17.907 -> 2347,0,0,0,0,0,0,0,0,0,0,0,0,0,0,0,

---

19:52:25.230 -> 2309,0,0,0,0,0,0,0,0,0,0,0,0,0,0,0,
19:52:25.396 -> 2354,0,0,0,0,0,0,0,0,0,0,0,0,0,0,0,
19:52:25.563 -> 2323,0,0,0,0,0,0,0,0,0,0,0,0,0,0,0,
19:52:25.695 -> 2379,0,0,0,0,0,0,0,0,0,0,0,0,0,0,0,
19:52:25.861 -> 2368,0,0,0,0,0,0,0,0,0,0,0,0,0,0,0,
19:52:26.027 -> 2346,0,0,0,0,0,0,0,0,0,0,0,0,0,0,0,
19:52:26.194 -> 2396,0,0,0,0,0,0,0,0,0,0,0,0,0,0,0,
19:52:26.360 -> 2415,0,0,0,0,0,0,0,0,0,0,0,0,0,0,0,
19:52:26.493 -> 2320,0,0,0,0,0,0,0,0,0,0,0,0,0,0,0,
19:52:26.660 -> 2332,0,0,0,0,0,0,0,0,0,0,0,0,0,0,0,
19:52:26.826 -> 2391,0,0,0,0,0,0,0,0,0,0,0,0,0,0,0,
19:52:26.992 -> 2395,0,0,0,0,0,0,0,0,0,0,0,0,0,0,0,
19:52:27.159 -> 2326,0,0,0,0,0,0,0,0,0,0,0,0,0,0,0,

