,FSR,LoadCell
0,526.0,101.74713
1,515.0,99.85449
2,516.0,94.50384
3,515.0,95.45538
4,456.0,90.93558
5,506.0,95.90794
6,548.0,123.20776
7,592.0,159.77577
8,625.0,192.84167
9,674.0,223.97549
10,709.0,257.43127
11,724.0,282.77233
12,726.0,282.62496
13,711.0,264.57708
14,687.0,231.05632
15,630.0,195.76707
16,618.0,178.09982
17,595.0,161.98287
18,573.0,136.66387
19,522.0,116.64679
20,442.0,91.78384
21,268.0,62.72135
22,359.0,72.97822
23,507.0,121.97424
24,581.0,183.28916
25,649.0,254.19953
26,730.0,326.96658
27,751.0,383.87542
28,775.0,436.74258
29,794.0,480.28234
30,772.0,426.60522
31,739.0,336.84747
32,696.0,280.87969
33,713.0,278.0773
34,747.0,325.48937
35,771.0,367.77703
36,786.0,417.53894
37,796.0,460.24899
38,803.0,485.01797
39,807.0,500.54541
40,797.0,467.46792
41,775.0,398.25173
42,744.0,335.82513
43,706.0,282.01342
44,657.0,228.92463
45,594.0,191.33778
46,532.0,150.8058
47,409.0,102.99805
48,468.0,93.16705
49,573.0,138.26988
50,650.0,198.76556
51,673.0,237.46525
52,654.0,222.78259
53,596.0,181.42671
54,527.0,132.87165
55,380.0,87.90807
56,84.0,50.03923
57,45.0,31.3775
58,326.0,59.26797
59,515.0,114.35034
60,615.0,173.98036
61,671.0,230.39024
62,714.0,284.09402
63,732.0,319.32061
64,707.0,288.83084
65,684.0,245.73086
66,697.0,251.76383
67,742.0,307.01678
68,773.0,382.56414
69,795.0,451.75827
70,804.0,493.98098
71,781.0,441.01983
72,746.0,342.21435
73,702.0,278.54495
74,733.0,282.57043
75,767.0,332.9009
76,769.0,350.64242
77,753.0,319.41461
78,750.0,304.75283
79,766.0,319.54458
80,780.0,363.46728
81,791.0,413.07482
82,784.0,404.40423
83,722.0,305.54074
84,650.0,219.0124
85,667.0,207.61253
86,726.0,262.53823
87,694.0,255.36343
88,718.0,250.40847
89,756.0,310.28799
90,767.0,344.42959
91,745.0,317.13092
92,687.0,243.7895
93,604.0,178.60807
94,534.0,132.77766
95,532.0,115.21485
96,577.0,140.7021
97,633.0,186.6706
98,696.0,244.50431
99,740.0,299.5043
100,766.0,347.16003
101,779.0,383.08981
102,783.0,403.8078
103,783.0,405.14343
104,763.0,347.33874
105,700.0,271.81689
106,630.0,196.4517
107,536.0,133.02366
108,403.0,88.56021
109,344.0,65.56784
110,517.0,98.3448
111,632.0,172.93251
112,698.0,240.84437
113,637.0,211.43144
114,593.0,154.53303
115,641.0,182.98397
116,705.0,235.85809
117,758.0,299.93597
118,785.0,378.37158
119,800.0,452.5729
120,792.0,438.80114
121,763.0,352.18923
122,683.0,250.45721
123,581.0,159.95214
124,426.0,99.32186
125,383.0,76.35618
126,550.0,114.59403
127,362.0,88.53469
128,507.0,86.71981
129,391.0,92.97906
130,57.0,40.60277
131,290.0,55.37247
132,534.0,117.03437
133,613.0,177.03456
134,684.0,240.43591
135,704.0,266.64727
136,690.0,249.62055
137,609.0,196.25907
138,527.0,137.82196
139,400.0,98.02685
140,84.0,51.63827
141,0.0,25.74371
142,251.0,51.55356
143,450.0,101.94671
144,551.0,143.55787
145,588.0,193.04705
146,642.0,241.03004
147,698.0,285.86947
148,724.0,332.65026
149,770.0,408.6026
150,798.0,479.9841
151,812.0,523.86273
152,821.0,553.49261
153,813.0,531.57946
154,794.0,463.12103
155,779.0,403.27981
156,743.0,344.27642
157,707.0,289.56884
158,669.0,238.7243
159,596.0,194.29335
160,577.0,165.54301
161,609.0,178.06732
162,674.0,224.69726
163,720.0,276.69641
164,743.0,324.59121
165,775.0,374.06414
166,796.0,431.1285
167,786.0,427.2214
168,715.0,324.45196
169,712.0,263.6708
170,742.0,308.18533
171,770.0,350.75961
172,789.0,398.16006
173,802.0,445.09289
174,813.0,485.12704
175,818.0,503.67736
176,805.0,466.9411
177,787.0,407.28091
178,770.0,362.1943
179,738.0,311.54702
180,704.0,257.38601
181,644.0,213.53759
182,585.0,173.07176
183,524.0,136.74046
184,489.0,106.17409
185,450.0,87.32902
186,445.0,82.82315
187,480.0,92.47196
188,540.0,121.22461
189,605.0,176.48452
190,658.0,220.46989
191,700.0,260.36016
192,727.0,300.14947
193,748.0,329.60418
194,766.0,356.67306
195,767.0,358.76644
196,751.0,337.2919
197,768.0,345.32891
198,781.0,385.7518
199,781.0,385.04278
200,755.0,339.92138
201,721.0,281.36474
202,681.0,237.65324
203,619.0,197.07136
204,576.0,155.25364
205,542.0,132.81478
206,532.0,119.19506
207,547.0,122.37574
208,617.0,162.83229
209,681.0,220.48612
210,701.0,256.17456
211,681.0,239.46464
212,617.0,186.6323
213,556.0,139.17384
214,533.0,116.45997
215,571.0,129.74085
216,642.0,181.19114
217,688.0,227.33604
218,706.0,260.02017
219,727.0,287.24688
220,732.0,302.71862
221,742.0,312.06689
222,756.0,334.97921
223,779.0,370.73608
224,787.0,398.78207
225,787.0,396.77685
226,775.0,366.30215
227,741.0,315.37637
228,716.0,266.99539
229,691.0,232.98027
230,667.0,209.66529
231,622.0,188.64794
232,571.0,153.16839
233,478.0,108.21061
234,312.0,67.7645
235,86.0,38.33648
236,34.0,23.74084
237,311.0,56.27411
238,538.0,121.10161
239,624.0,182.76466
240,630.0,202.50325
241,551.0,157.5501
242,368.0,94.49804
243,252.0,54.71452
244,73.0,33.25273
245,0.0,22.36575
246,183.0,42.81567
247,502.0,95.44957
248,411.0,103.06999
249,185.0,55.87493
250,349.0,64.26818
251,505.0,106.46768
252,597.0,155.68649
253,649.0,210.75724
254,691.0,257.48001
255,708.0,277.22207
256,641.0,223.64593
257,576.0,160.82014
258,639.0,172.59831
259,687.0,229.65338
260,737.0,299.21884
261,754.0,340.06991
262,723.0,309.94683
263,634.0,216.12414
264,428.0,110.10324
265,40.0,37.82938
266,0.0,7.9755
267,0.0,13.53967
268,185.0,43.27519
269,383.0,80.57079
270,490.0,113.31874
271,523.0,142.74443
272,563.0,168.21891
273,566.0,167.48902
274,516.0,137.25569
275,433.0,105.91532
276,302.0,71.75747
277,122.0,42.41649
278,0.0,13.44684
279,0.0,2.61557
280,74.0,24.69122
281,310.0,59.94101
282,462.0,104.8814
283,389.0,104.30699
284,154.0,52.5225
285,0.0,25.54064
286,0.0,2.49372
287,0.0,-5.61291
288,0.0,9.7811
289,101.0,37.94775
290,264.0,64.38539
291,396.0,99.63866
292,492.0,136.41554
293,413.0,126.52537
294,313.0,84.70301
295,471.0,112.94741
296,532.0,161.87495
297,577.0,218.56449
298,608.0,258.54528
299,583.0,232.537
300,499.0,149.94129
301,407.0,100.68999
302,472.0,114.81451
303,586.0,173.67749
304,609.0,234.75338
305,614.0,261.41033
306,526.0,182.89579
307,348.0,96.1052
308,132.0,48.92059
309,0.0,20.09715
310,0.0,23.57954
311,432.0,88.75052
312,588.0,187.89251
313,649.0,285.40182
314,730.0,372.16687
315,762.0,440.63226
316,787.0,488.03039
317,799.0,520.60083
318,804.0,538.05804
319,812.0,551.59771
320,817.0,567.15069
321,822.0,576.38983
322,814.0,548.60961
323,790.0,474.68218
324,767.0,411.13928
325,768.0,391.77084
326,791.0,435.57287
327,810.0,500.81695
328,823.0,549.90466
329,830.0,584.84228
330,821.0,567.65313
331,782.0,450.6141
332,735.0,346.79681
333,758.0,340.97967
334,777.0,378.02114
335,749.0,346.87109
336,764.0,342.3652
337,783.0,400.3869
338,803.0,462.9017
339,818.0,520.26312
340,828.0,563.30969
341,834.0,592.22485
342,838.0,607.03283
343,829.0,582.86956
344,807.0,499.56604
345,783.0,420.96447
346,793.0,417.4403
347,820.0,494.84548
348,831.0,554.82012
349,838.0,588.4906
350,842.0,615.24273
351,843.0,625.72589
352,839.0,603.24176
353,824.0,540.13513
354,803.0,470.69735
355,756.0,372.85037
356,685.0,282.88024
357,666.0,238.0501
358,730.0,283.78652
359,764.0,352.77758
360,799.0,425.68734
361,818.0,495.76684
362,832.0,559.58013
363,840.0,597.76928
364,837.0,582.94964
365,816.0,514.31024
366,799.0,451.91378
367,825.0,491.94561
368,838.0,556.33331
369,843.0,597.23315
370,843.0,601.96533
371,826.0,534.27392
372,785.0,416.67791
373,731.0,307.85113
374,734.0,288.35507
375,748.0,324.84185
376,679.0,270.79458
377,646.0,226.37753
378,736.0,280.1173
379,764.0,344.05477
380,781.0,379.52273
381,791.0,403.85305
382,768.0,372.36996
383,740.0,317.14135
384,687.0,259.25314
385,596.0,197.72119
386,506.0,127.79718
387,422.0,89.07312
388,320.0,69.22197
389,462.0,89.31912
390,564.0,135.61254
391,596.0,187.39353
392,657.0,239.65495
393,662.0,259.19046
394,679.0,251.78472
395,726.0,299.88839
396,743.0,334.16458
397,744.0,335.85183
398,722.0,301.96783
399,696.0,273.41943
400,647.0,237.40144
401,604.0,186.84118
402,539.0,137.51329
403,434.0,94.8833
404,311.0,63.82026
405,151.0,43.38891
406,226.0,43.81478
407,402.0,78.59577
408,334.0,80.62881
409,128.0,46.27137
410,463.0,87.92083
411,539.0,148.70198
412,607.0,209.64324
413,681.0,272.5816
414,713.0,311.44491
415,740.0,352.73696
416,749.0,370.93338
417,748.0,362.29641
418,758.0,379.34866
419,787.0,436.43157
420,801.0,491.82843
421,809.0,522.68835
422,812.0,527.89746
423,798.0,489.05038
424,794.0,441.29254
425,762.0,389.20751
426,732.0,329.56704
427,685.0,268.027
428,635.0,216.00926
429,640.0,205.73034
430,709.0,252.50997
431,755.0,329.16323
432,793.0,410.40124
433,803.0,463.47378
434,758.0,388.44512
435,647.0,247.53762
436,515.0,142.55644
437,611.0,153.65576
438,690.0,240.2897
439,686.0,261.83621
440,735.0,293.72427
441,757.0,341.62951
442,683.0,275.81335
443,657.0,223.44401
444,681.0,237.38867
445,641.0,227.89419
446,536.0,154.82661
447,439.0,100.20262
448,396.0,74.34519
449,464.0,83.66793
450,347.0,73.99707
451,297.0,52.03745
452,131.0,39.06406
453,0.0,17.51756
454,0.0,12.47441
455,138.0,34.50597
456,404.0,76.71243
457,526.0,136.63137
458,595.0,174.21127
459,467.0,138.65281
460,521.0,125.86742
461,589.0,163.35563
462,517.0,144.10327
463,440.0,108.98461
464,393.0,88.96868
465,326.0,71.39659
466,199.0,52.36585
467,43.0,30.65573
468,0.0,23.37299
469,317.0,58.35356
470,484.0,111.58044
471,616.0,186.41879
472,671.0,275.5093
473,755.0,363.82467
474,751.0,379.10382
475,740.0,338.32583
476,723.0,318.92608
477,618.0,234.24279
478,637.0,209.74073
479,710.0,285.35656
480,726.0,317.14718
481,679.0,282.44741
482,635.0,226.76046
483,619.0,196.02235
484,537.0,151.96969
485,417.0,97.91081
486,477.0,96.41503
487,560.0,141.68496
488,430.0,112.2384
